Rk,Player,Age,pos,WAR,G,PA,AB,R,H,2B,3B,HR,RBI,SB,CS,BB,SO,BA,OBP,SLG,OPS,OPS+,rOBA,Rbat+,TB,GIDP,HBP,SH,SF,IBB,K_rate,BB_rate,HR_rate,Team
1,Cal Raleigh,28,C,7.4,159,705,596,110,147,24,0,60,125,14,4,97,188,0.247,0.359,0.589,0.948,166,0.392,165,351,6,9,0,3,17,0.2667,0.1376,0.0851,Mariners
2,Josh Naylor,28,1B,2.2,54,210,194,32,58,10,0,9,33,19,0,11,34,0.299,0.341,0.49,0.831,135,0.38,141,95,3,2,0,1,0,0.1619,0.0524,0.0429,Mariners
3,Cole Young,21,2B,0.5,77,257,223,24,47,7,1,4,24,1,0,28,47,0.211,0.302,0.305,0.607,75,0.273,77,68,4,2,2,2,1,0.1829,0.1089,0.0156,Mariners
4,J.P. Crawford,30,SS,3.8,157,654,570,69,151,24,0,12,58,8,1,74,122,0.265,0.352,0.37,0.722,108,0.322,113,211,11,3,6,1,1,0.1865,0.1131,0.0183,Mariners
5,Ben Williamson,24,3B,1.3,85,295,277,36,70,13,0,1,21,5,1,15,64,0.253,0.294,0.31,0.604,74,0.272,75,86,5,1,2,0,0,0.2169,0.0508,0.0034,Mariners
6,Randy Arozarena,30,LF,4,160,709,613,95,146,32,1,27,76,31,6,64,191,0.238,0.334,0.426,0.76,116,0.341,124,261,9,27,0,5,2,0.2694,0.0903,0.0381,Mariners
7,Julio Rodríguez,24,CF,6.8,160,710,652,106,174,31,4,32,95,30,6,44,152,0.267,0.324,0.474,0.798,125,0.353,133,309,15,12,0,2,5,0.2141,0.062,0.0451,Mariners
8,Dominic Canzone,27,RF,1.6,82,269,243,30,73,11,0,11,32,3,1,20,59,0.3,0.358,0.481,0.84,138,0.361,142,117,6,3,0,2,0,0.2193,0.0743,0.0409,Mariners
9,Jorge Polanco,31,DH,2.6,138,524,471,64,125,30,0,26,78,6,3,42,82,0.265,0.326,0.495,0.821,131,0.348,134,233,7,3,3,5,1,0.1565,0.0802,0.0496,Mariners
10,Mitch Garver,34,C,-0.1,87,290,254,29,53,5,1,9,30,3,0,30,80,0.209,0.297,0.343,0.639,83,0.286,86,87,6,3,0,3,1,0.2759,0.1034,0.031,Mariners
11,Eugenio Suárez,33,3B,0.3,53,220,201,27,38,9,0,13,31,3,1,17,79,0.189,0.255,0.428,0.682,91,0.289,89,86,4,1,0,1,1,0.3591,0.0773,0.0591,Mariners
12,Luke Raley,30,UT,-0.3,73,219,183,23,37,8,0,4,19,2,1,19,64,0.202,0.319,0.311,0.631,83,0.294,94,57,2,13,3,1,0,0.2922,0.0868,0.0183,Mariners
13,Dylan Moore,32,UT,0.2,88,213,192,29,37,5,0,9,19,12,4,19,76,0.193,0.263,0.359,0.622,76,0.283,83,69,1,0,0,2,0,0.3568,0.0892,0.0423,Mariners
14,Rowdy Tellez,30,1B,-0.8,62,185,173,20,36,6,0,11,27,1,0,8,49,0.208,0.249,0.434,0.682,90,0.289,89,75,6,2,0,2,0,0.2649,0.0432,0.0595,Mariners
15,Donovan Solano,37,1B,0,69,176,163,10,41,4,1,3,21,0,0,8,38,0.252,0.295,0.344,0.639,83,0.284,87,56,9,3,0,2,0,0.2159,0.0455,0.017,Mariners
16,Miles Mastrobuoni,29,UT,0.2,76,175,152,20,38,4,0,1,12,6,3,17,29,0.25,0.324,0.296,0.62,80,0.279,82,45,2,0,5,1,0,0.1657,0.0971,0.0057,Mariners
17,Víctor Robles,28,RF,-0.2,32,114,106,12,26,4,1,1,9,6,2,3,26,0.245,0.281,0.33,0.611,75,0.282,82,35,3,3,0,2,0,0.2281,0.0263,0.0088,Mariners
18,Leo Rivas,27,2B,0.8,48,111,90,19,22,2,0,2,9,6,0,20,24,0.244,0.387,0.333,0.721,110,0.343,120,30,1,1,0,0,0,0.2162,0.1802,0.018,Mariners
19,Leody Taveras,26,RF,-0.6,28,98,92,6,16,3,0,2,9,3,2,3,27,0.174,0.198,0.272,0.47,33,0.21,33,25,0,0,2,1,0,0.2755,0.0306,0.0204,Mariners
20,Ryan Bliss,25,2B,-0.2,11,39,35,1,7,1,0,1,3,2,2,4,11,0.2,0.282,0.314,0.596,71,0.253,73,11,2,0,0,0,0,0.2821,0.1026,0.0256,Mariners
21,Rhylan Thomas,25,OF,0,3,10,8,2,1,1,0,0,2,0,0,1,0,0.125,0.2,0.25,0.45,28,0.282,85,2,0,0,0,1,0,0,0.1,0,Mariners
22,Samad Taylor,26,OF,-0.1,4,9,8,1,1,0,0,0,0,0,0,0,1,0.125,0.125,0.125,0.25,-28,0.099,-68,1,0,0,1,0,0,0.1111,0,0,Mariners
23,Harry Ford,22,C,0,8,8,6,1,1,0,0,0,1,0,0,0,3,0.167,0.25,0.167,0.417,24,0.201,26,1,0,1,0,1,0,0.375,0,0,Mariners
1,Gabriel Moreno,25,C,1.6,83,309,277,44,79,12,1,9,40,2,2,29,53,0.285,0.353,0.433,0.786,117,0.341,115,120,6,1,0,2,3,0.1715,0.0939,0.0291,DiamondBacks
2,Josh Naylor,28,1B,0.8,93,394,349,49,102,19,1,11,59,11,2,37,49,0.292,0.36,0.447,0.807,123,0.356,122,156,14,2,0,4,4,0.1244,0.0939,0.0279,DiamondBacks
3,Ketel Marte,31,2B,4.4,126,556,480,87,136,28,0,28,72,4,2,64,83,0.283,0.376,0.517,0.893,145,0.381,142,248,12,9,0,3,6,0.1493,0.1151,0.0504,DiamondBacks
4,Geraldo Perdomo,25,SS,7,161,720,597,98,173,33,5,20,100,27,6,94,83,0.29,0.389,0.462,0.851,136,0.382,139,276,11,10,8,11,1,0.1153,0.1306,0.0278,DiamondBacks
5,Eugenio Suárez,33,3B,3.3,106,437,387,64,96,19,0,36,87,1,0,29,117,0.248,0.32,0.576,0.897,142,0.386,145,223,7,15,0,6,1,0.2677,0.0664,0.0824,DiamondBacks
6,Lourdes Gurriel Jr.,31,LF,0.5,129,546,500,52,124,24,2,19,80,10,4,31,76,0.248,0.295,0.418,0.713,95,0.314,94,209,11,6,0,9,0,0.1392,0.0568,0.0348,DiamondBacks
7,Alek Thomas,25,CF,0.1,143,469,433,51,108,19,3,9,38,7,4,21,122,0.249,0.289,0.37,0.659,82,0.291,78,160,2,5,6,4,0,0.2601,0.0448,0.0192,DiamondBacks
8,Corbin Carroll,24,RF,5.8,143,642,564,107,146,32,17,31,84,32,6,67,153,0.259,0.343,0.541,0.883,140,0.382,137,305,6,7,0,4,4,0.2383,0.1044,0.0483,DiamondBacks
9,Pavin Smith,29,DH,0.4,87,288,244,36,63,17,1,8,28,2,2,41,92,0.258,0.362,0.434,0.797,120,0.35,121,106,7,0,0,2,1,0.3194,0.1424,0.0278,DiamondBacks
10,Blaze Alexander,26,3B,1.7,74,266,230,31,53,12,1,7,28,4,6,22,86,0.23,0.323,0.383,0.706,95,0.315,101,88,5,10,3,1,0,0.3233,0.0827,0.0263,DiamondBacks
11,Tim Tawa,26,UT,0.5,74,225,199,29,40,8,0,7,18,8,2,20,64,0.201,0.274,0.347,0.62,71,0.284,70,69,6,1,2,3,0,0.2844,0.0889,0.0311,DiamondBacks
12,Jake McCarthy,27,LF,-0.7,67,222,206,18,42,7,5,4,20,6,0,10,40,0.204,0.247,0.345,0.591,62,0.271,59,71,2,2,3,1,0,0.1802,0.045,0.018,DiamondBacks
13,José Herrera,28,C,0,57,204,166,21,31,6,0,2,17,0,0,23,47,0.187,0.285,0.259,0.544,53,0.254,49,43,2,1,11,3,0,0.2304,0.1127,0.0098,DiamondBacks
14,Randal Grichuk,33,DH,-0.4,70,188,175,25,42,15,1,7,22,0,1,10,39,0.24,0.277,0.457,0.734,99,0.317,98,80,5,0,0,3,1,0.2074,0.0532,0.0372,DiamondBacks
15,James McCann,35,C,1,42,137,123,18,32,6,0,5,17,0,0,8,33,0.26,0.324,0.431,0.754,107,0.334,109,53,3,4,1,1,0,0.2409,0.0584,0.0365,DiamondBacks
16,Adrian Del Castillo,25,DH,-0.1,44,131,120,9,29,6,0,4,17,0,0,8,47,0.242,0.29,0.392,0.682,87,0.297,82,47,2,1,0,2,0,0.3588,0.0611,0.0305,DiamondBacks
17,Ildemaro Vargas,33,IF,0.2,38,121,115,12,31,2,1,3,19,0,0,2,15,0.27,0.292,0.383,0.674,86,0.291,78,44,3,2,1,1,0,0.124,0.0165,0.0248,DiamondBacks
18,Tyler Locklear,24,1B,-1.1,31,116,103,11,18,0,0,3,6,3,1,10,43,0.175,0.267,0.262,0.529,48,0.248,47,27,3,3,0,0,0,0.3707,0.0862,0.0259,DiamondBacks
19,Jorge Barrosa,24,OF,-0.7,33,77,71,8,10,3,0,1,7,0,0,2,22,0.141,0.169,0.225,0.394,8,0.17,-7,16,1,1,0,3,0,0.2857,0.026,0.013,DiamondBacks
20,Jordan Lawlar,22,IF,-0.4,28,74,66,9,12,7,0,0,5,2,0,6,26,0.182,0.257,0.288,0.545,51,0.251,45,19,0,1,0,1,0,0.3514,0.0811,0,DiamondBacks
21,Garrett Hampson,30,UT,0.1,18,41,30,10,5,0,0,0,0,2,1,9,10,0.167,0.359,0.167,0.526,53,0.268,61,5,0,0,2,0,0,0.2439,0.2195,0,DiamondBacks
22,Tristin English,28,1B,-0.2,7,23,22,0,2,1,0,0,1,0,0,1,8,0.091,0.13,0.136,0.267,-26,0.124,-40,3,0,0,0,0,0,0.3478,0.0435,0,DiamondBacks
23,Connor Kaiser,28,2B,-0.3,11,19,18,1,2,1,0,0,2,0,0,1,5,0.111,0.158,0.167,0.325,-10,0.15,-22,3,1,0,0,0,0,0.2632,0.0526,0,DiamondBacks
24,Aramis Garcia,32,C,-0.1,2,4,4,0,0,0,0,0,0,0,0,0,3,0,0,0,0,-100,0,-126,0,0,0,0,0,0,0.75,0,0,DiamondBacks
1,Shea Langeliers,27,C,3.9,123,523,481,73,133,32,0,31,72,7,1,36,103,0.277,0.325,0.536,0.861,129,0.363,131,258,10,1,0,5,1,0.1969,0.0688,0.0593,Athletics
2,Nick Kurtz,22,1B,5.4,117,489,420,90,122,26,2,36,86,2,1,63,151,0.29,0.383,0.619,1.002,167,0.418,174,260,4,2,0,3,3,0.3088,0.1288,0.0736,Athletics
3,Luis Urías,28,2B,0.5,96,330,287,27,66,7,0,8,25,2,1,31,45,0.23,0.315,0.338,0.653,79,0.302,89,97,9,6,0,3,0,0.1364,0.0939,0.0242,Athletics
4,Jacob Wilson,23,SS,3,125,523,486,62,151,26,0,13,63,5,2,27,39,0.311,0.355,0.444,0.8,117,0.354,127,216,16,7,2,1,1,0.0746,0.0516,0.0249,Athletics
5,Gio Urshela,33,3B,-1,59,197,181,10,43,14,1,0,20,0,1,13,40,0.238,0.287,0.326,0.613,67,0.271,68,59,6,0,2,1,0,0.203,0.066,0,Athletics
6,Tyler Soderstrom,23,LF,4.3,158,624,561,75,155,34,1,25,93,8,3,55,141,0.276,0.346,0.474,0.82,121,0.352,125,266,18,6,0,2,2,0.226,0.0881,0.0401,Athletics
7,JJ Bleday,27,CF,-0.3,98,344,307,48,65,17,0,14,39,1,2,36,91,0.212,0.294,0.404,0.698,88,0.3,89,124,6,0,0,1,2,0.2645,0.1047,0.0407,Athletics
8,Lawrence Butler,24,RF,1.9,152,630,569,83,133,30,2,21,63,22,7,59,179,0.234,0.306,0.404,0.71,92,0.313,95,230,7,0,2,0,0,0.2841,0.0937,0.0333,Athletics
9,Brent Rooker,30,DH,2.3,162,699,626,92,164,40,3,30,89,6,1,65,155,0.262,0.335,0.479,0.814,119,0.353,125,300,13,5,0,2,4,0.2217,0.093,0.0429,Athletics
10,Miguel Andujar,30,UT,0.2,60,231,218,22,65,10,1,6,27,1,0,11,30,0.298,0.329,0.436,0.765,106,0.33,108,95,5,0,0,2,1,0.1299,0.0476,0.026,Athletics
11,Max Muncy,22,IF,0,63,220,206,17,44,7,0,9,23,1,1,10,68,0.214,0.259,0.379,0.638,71,0.276,71,78,1,3,0,1,0,0.3091,0.0455,0.0409,Athletics
12,Max Schuemann,28,IF,0.2,101,213,183,20,36,4,2,2,13,7,1,22,35,0.197,0.295,0.273,0.568,57,0.273,63,50,6,4,3,1,0,0.1643,0.1033,0.0094,Athletics
13,Darell Hernaiz,23,IF,-0.2,51,197,173,17,40,5,1,2,16,3,4,17,24,0.231,0.292,0.306,0.599,64,0.273,72,53,2,0,2,5,0,0.1218,0.0863,0.0102,Athletics
14,Denzel Clarke,25,CF,1,47,159,148,18,34,8,2,3,8,6,0,6,61,0.23,0.274,0.372,0.646,74,0.285,69,55,1,3,2,0,0,0.3836,0.0377,0.0189,Athletics
15,Colby Thomas,24,OF,0,49,132,120,20,27,5,0,6,19,2,1,7,49,0.225,0.267,0.417,0.684,83,0.304,90,50,3,1,1,3,0,0.3712,0.053,0.0455,Athletics
16,Willie MacIver,28,C,-0.2,32,111,102,7,19,5,0,3,9,3,0,7,27,0.186,0.252,0.324,0.576,56,0.259,53,33,1,2,0,0,0,0.2432,0.0631,0.027,Athletics
17,Zack Gelof,25,2B,-0.1,30,101,92,12,16,3,0,2,7,1,2,7,46,0.174,0.23,0.272,0.502,36,0.24,48,25,0,0,1,1,0,0.4554,0.0693,0.0198,Athletics
18,Carlos Cortes,28,OF,0.7,42,99,94,11,29,8,1,4,14,0,0,3,20,0.309,0.323,0.543,0.866,130,0.36,131,51,3,0,0,2,0,0.202,0.0303,0.0404,Athletics
19,Brett Harris,27,3B,0.8,32,84,73,11,20,5,0,0,5,1,0,7,21,0.274,0.349,0.342,0.692,91,0.318,99,25,1,2,1,1,0,0.25,0.0833,0,Athletics
20,Seth Brown,32,OF,-0.7,38,76,65,6,12,2,0,1,3,1,0,9,23,0.185,0.303,0.262,0.564,57,0.265,60,17,2,2,0,0,0,0.3026,0.1184,0.0132,Athletics
21,Austin Wynns,34,C,0.4,22,67,63,7,14,5,0,3,10,0,0,2,20,0.222,0.242,0.444,0.687,82,0.299,86,28,2,0,1,1,0,0.2985,0.0299,0.0448,Athletics
22,Jhonny Pereda,29,C,-0.1,17,46,40,3,7,2,0,0,3,0,0,6,13,0.175,0.283,0.225,0.508,42,0.257,56,9,0,0,0,0,0,0.2826,0.1304,0,Athletics
23,Logan Davidson,27,IF,-0.3,9,24,20,1,3,1,0,0,2,0,0,3,12,0.15,0.261,0.2,0.461,29,0.216,23,4,1,0,1,0,0,0.5,0.125,0,Athletics
24,CJ Alexander,28,UT,-0.2,6,17,17,0,3,0,0,0,0,0,0,0,8,0.176,0.176,0.176,0.353,-3,0.157,-17,3,0,0,0,0,0,0.4706,0,0,Athletics
25,Drew Avans,29,OF,-0.3,7,15,15,1,2,0,0,0,0,1,0,0,5,0.133,0.133,0.133,0.267,-27,0.135,-44,2,0,0,0,0,0,0.3333,0,0,Athletics
1,Drake Baldwin,24,C,3.3,124,446,405,56,111,18,2,19,80,0,0,38,68,0.274,0.341,0.469,0.81,125,0.358,130,190,9,3,0,0,0,0.1525,0.0852,0.0426,Braves
2,Matt Olson,31,1B,6,162,724,624,98,170,41,2,29,95,1,0,91,176,0.272,0.366,0.484,0.85,137,0.368,136,302,14,4,0,5,2,0.2431,0.1257,0.0401,Braves
3,Ozzie Albies,28,2B,2.1,157,667,603,74,145,23,2,16,74,14,3,55,94,0.24,0.306,0.365,0.671,88,0.307,92,220,9,4,0,5,2,0.1409,0.0825,0.024,Braves
4,Nick Allen,26,SS,0.6,135,416,371,32,82,11,0,0,22,8,7,31,99,0.221,0.284,0.251,0.535,53,0.243,50,93,8,3,8,3,0,0.238,0.0745,0,Braves
5,Austin Riley,28,3B,1.3,102,447,416,54,108,20,1,16,54,2,1,27,128,0.26,0.309,0.428,0.737,105,0.321,104,178,9,3,0,1,1,0.2864,0.0604,0.0358,Braves
6,Jurickson Profar,32,LF,1.1,80,371,318,56,78,16,1,14,43,9,2,48,59,0.245,0.353,0.434,0.787,120,0.355,125,138,4,5,0,0,0,0.159,0.1294,0.0377,Braves
7,Michael Harris II,24,CF,2.2,160,641,611,55,152,26,6,20,86,20,6,16,128,0.249,0.268,0.409,0.678,87,0.295,83,250,7,3,4,7,1,0.1997,0.025,0.0312,Braves
8,Ronald Acuña Jr,27,RF,3,95,412,338,74,98,12,1,21,42,9,1,71,102,0.29,0.417,0.518,0.935,161,0.407,162,175,5,3,0,0,4,0.2476,0.1723,0.051,Braves
9,Marcell Ozuna,34,DH,1.6,145,592,487,61,113,19,0,21,68,0,0,94,144,0.232,0.355,0.4,0.756,113,0.342,118,195,11,3,0,7,2,0.2432,0.1588,0.0355,Braves
10,Sean Murphy,30,C,2.4,94,337,291,34,58,13,0,16,45,0,0,35,105,0.199,0.3,0.409,0.709,97,0.314,99,119,9,8,0,3,1,0.3116,0.1039,0.0475,Braves
11,Eli White,31,OF,0.7,105,271,256,43,60,8,3,10,35,10,1,11,70,0.234,0.27,0.406,0.677,87,0.308,89,104,2,2,1,1,1,0.2583,0.0406,0.0369,Braves
12,Alex Verdugo,29,LF,-0.3,56,213,197,21,47,10,0,0,12,1,0,14,31,0.239,0.296,0.289,0.585,66,0.269,66,57,1,2,0,0,0,0.1455,0.0657,0,Braves
13,Nacho Alvarez Jr.,22,3B,0.8,58,208,188,18,44,12,0,2,15,0,0,12,49,0.234,0.296,0.33,0.626,76,0.28,74,62,1,5,2,1,0,0.2356,0.0577,0.0096,Braves
14,Ha-Seong Kim,29,SS,0.1,24,98,87,14,22,1,0,3,12,0,1,8,16,0.253,0.316,0.368,0.684,92,0.297,90,32,2,1,0,2,0,0.1633,0.0816,0.0306,Braves
15,Jarred Kelenic,25,RF,-0.5,24,65,60,7,10,2,0,2,2,0,1,5,23,0.167,0.231,0.3,0.531,48,0.23,44,18,1,0,0,0,0,0.3538,0.0769,0.0308,Braves
16,Stuart Fairchild,29,OF,-0.3,28,55,51,7,11,4,1,0,2,2,1,4,15,0.216,0.273,0.333,0.606,70,0.281,76,17,2,0,0,0,0,0.2727,0.0727,0,Braves
17,Bryan De La Cruz,28,LF,-0.2,16,50,47,1,9,1,0,0,0,1,0,3,18,0.191,0.24,0.213,0.453,29,0.232,37,10,1,0,0,0,0,0.36,0.06,0,Braves
18,Vidal Bruján,27,UT,0.5,23,47,41,8,11,2,0,0,5,0,0,5,9,0.268,0.362,0.317,0.679,94,0.311,97,13,0,1,0,0,0,0.1915,0.1064,0,Braves
19,Luke Williams,28,IF,-0.4,39,34,31,5,4,2,0,0,5,5,0,1,9,0.129,0.176,0.194,0.37,4,0.204,-4,6,2,1,0,1,0,0.2647,0.0294,0,Braves
20,Orlando Arcia,30,SS,-0.1,14,32,31,1,6,1,0,0,1,0,0,1,8,0.194,0.219,0.226,0.445,26,0.23,39,7,0,0,0,0,0,0.25,0.0312,0,Braves
21,Jake Fraley,30,OF,0,9,24,23,2,7,1,0,0,0,0,1,1,8,0.304,0.333,0.348,0.681,92,0.319,117,8,0,0,0,0,0,0.3333,0.0417,0,Braves
22,Sandy León,36,C,-0.1,5,12,12,1,1,0,0,1,3,0,0,0,4,0.083,0.083,0.333,0.417,10,0.169,-4,4,0,0,0,0,0,0.3333,0,0.0833,Braves
23,Brett Wisely,26,2B,0,4,9,6,0,0,0,0,0,0,0,0,3,4,0,0.333,0,0.333,6,0.232,41,0,0,0,0,0,0,0.4444,0.3333,0,Braves
24,Chadwick Tromp,30,C,0,2,6,5,0,0,0,0,0,0,0,0,1,2,0,0.167,0,0.167,-47,0.116,-41,0,1,0,0,0,0,0.3333,0.1667,0,Braves
25,Jonathan Ornelas,25,IF,0.1,2,4,4,1,2,0,0,0,0,0,0,0,0,0.5,0.5,0.5,1,183,0.402,160,2,0,0,0,0,0,0,0,0,Braves
26,Eddie Rosario,33,RF,0,3,4,4,1,0,0,0,0,0,0,0,0,2,0,0,0,0,-100,0,-121,0,0,0,0,0,0,0.5,0,0,Braves
27,José Azócar,29,DH,0,2,1,1,0,0,0,0,0,0,0,0,0,0,0,0,0,0,-100,0,-117,0,0,0,0,0,0,0,0,0,Braves
1,Adley Rutschman,27,C,1.9,90,365,322,37,71,16,2,9,29,0,0,40,57,0.22,0.307,0.366,0.673,89,0.297,89,118,8,1,0,2,0,0.1562,0.1096,0.0247,Orioles
2,Coby Mayo,23,1B,0.2,85,294,263,30,57,12,0,11,28,3,0,27,84,0.217,0.299,0.388,0.687,92,0.303,92,102,2,4,0,0,0,0.2857,0.0918,0.0374,Orioles
3,Jackson Holliday,21,2B,1,149,649,586,70,142,21,3,17,55,17,11,56,140,0.242,0.314,0.375,0.69,94,0.305,97,220,4,6,0,1,1,0.2157,0.0863,0.0262,Orioles
4,Gunnar Henderson,24,SS,5.3,154,651,577,85,158,34,5,17,68,30,5,62,137,0.274,0.349,0.438,0.787,120,0.349,122,253,7,7,0,5,6,0.2104,0.0952,0.0261,Orioles
5,Ramón Urías,31,3B,1.5,77,290,258,27,64,12,0,8,34,2,0,21,60,0.248,0.3,0.388,0.688,92,0.301,91,100,5,2,0,9,0,0.2069,0.0724,0.0276,Orioles
6,Dylan Carlson,26,LF,-0.7,83,241,217,17,44,9,1,6,20,3,3,21,54,0.203,0.278,0.336,0.614,72,0.274,75,73,3,2,0,1,0,0.2241,0.0871,0.0249,Orioles
7,Cedric Mullins,30,CF,0,91,355,314,42,72,19,0,15,49,14,4,34,85,0.229,0.305,0.433,0.738,105,0.32,103,136,2,2,1,4,0,0.2394,0.0958,0.0423,Orioles
8,Ramón Laureano,30,RF,3,82,290,259,45,75,17,0,15,46,4,3,22,72,0.29,0.355,0.529,0.884,145,0.373,146,137,6,6,0,3,1,0.2483,0.0759,0.0517,Orioles
9,Ryan Mountcastle,28,DH,0.1,89,357,332,34,83,18,0,7,35,3,0,15,98,0.25,0.286,0.367,0.653,83,0.302,91,122,10,4,0,6,0,0.2745,0.042,0.0196,Orioles
10,Ryan O'Hearn,31,1B,2,94,361,311,45,88,15,1,13,43,3,1,42,63,0.283,0.374,0.463,0.837,135,0.362,136,144,10,5,0,3,3,0.1745,0.1163,0.036,Orioles
11,Colton Cowser,25,OF,1,92,360,327,36,64,14,0,16,40,14,0,27,128,0.196,0.269,0.385,0.655,82,0.292,79,126,5,6,0,0,1,0.3556,0.075,0.0444,Orioles
12,Jordan Westburg,26,IF,1.6,85,352,328,59,87,10,1,17,41,1,2,17,80,0.265,0.313,0.457,0.77,113,0.334,118,150,5,6,0,1,0,0.2273,0.0483,0.0483,Orioles
13,Tyler O'Neill,30,RF,-0.6,54,209,181,22,36,6,1,9,26,4,0,22,51,0.199,0.292,0.392,0.684,91,0.302,90,71,2,3,0,3,1,0.244,0.1053,0.0431,Orioles
14,Jeremiah Jackson,25,RF,0.4,48,183,170,20,47,10,2,5,21,0,2,11,50,0.276,0.328,0.447,0.775,116,0.329,116,76,6,2,0,0,0,0.2732,0.0601,0.0273,Orioles
15,Heston Kjerstad,26,OF,-1.6,54,167,156,16,30,5,2,4,19,1,0,6,45,0.192,0.24,0.327,0.566,58,0.253,56,51,9,4,0,1,0,0.2695,0.0359,0.024,Orioles
16,Dylan Beavers,23,OF,1,35,137,110,16,25,5,1,4,14,2,2,26,36,0.227,0.375,0.4,0.775,119,0.346,128,44,0,0,1,0,0,0.2628,0.1898,0.0292,Orioles
17,Emmanuel Rivera,29,3B,0.1,42,127,120,5,30,4,0,0,13,1,0,6,24,0.25,0.291,0.283,0.575,64,0.267,66,34,3,1,0,0,0,0.189,0.0472,0,Orioles
18,Samuel Basallo,20,C,-0.2,31,118,109,10,18,6,0,4,15,0,0,6,30,0.165,0.229,0.33,0.559,55,0.245,51,36,4,3,0,0,0,0.2542,0.0508,0.0339,Orioles
19,Gary Sánchez,32,C,-0.4,29,101,91,13,21,2,0,5,24,0,0,4,27,0.231,0.297,0.418,0.715,99,0.308,97,38,2,5,0,1,0,0.2673,0.0396,0.0495,Orioles
20,Alex Jackson,29,C,0.7,36,100,91,17,20,8,0,5,8,0,0,5,37,0.22,0.29,0.473,0.763,110,0.323,108,43,2,4,0,0,0,0.37,0.05,0.05,Orioles
21,Jorge Mateo,30,UT,-0.6,42,83,79,9,14,4,0,1,3,15,2,4,30,0.177,0.217,0.266,0.483,35,0.243,28,21,1,0,0,0,0,0.3614,0.0482,0.012,Orioles
22,Luis Vázquez,25,IF,-0.5,32,53,50,6,8,1,0,1,3,2,0,3,14,0.16,0.208,0.24,0.448,26,0.206,17,12,0,0,0,0,0,0.2642,0.0566,0.0189,Orioles
23,Maverick Handley,27,C,-0.9,16,47,41,2,3,0,0,0,3,0,0,2,18,0.073,0.133,0.073,0.207,-39,0.103,-59,3,0,1,2,1,0,0.383,0.0426,0,Orioles
24,Jacob Stallings,35,C,-0.4,14,36,35,1,4,1,0,0,3,0,0,1,9,0.114,0.139,0.143,0.282,-20,0.152,-16,5,4,0,0,0,0,0.25,0.0278,0,Orioles
25,Daniel Johnson,29,OF,0.1,17,26,24,8,5,1,0,0,0,1,1,2,5,0.208,0.269,0.25,0.519,48,0.255,66,6,0,0,0,0,0,0.1923,0.0769,0,Orioles
26,Chadwick Tromp,30,C,0.1,6,16,16,2,3,1,0,1,1,0,0,0,4,0.188,0.188,0.438,0.625,68,0.315,102,7,0,0,0,0,0,0.25,0,0.0625,Orioles
27,Greg Allen,32,OF,-0.4,7,14,14,1,0,0,0,0,0,0,1,0,5,0,0,0,0,-100,-0.035,-127,0,2,0,0,0,0,0.3571,0,0,Orioles
28,Ryan Noda,29,RF,0,7,14,13,0,2,0,0,0,1,1,0,1,6,0.154,0.214,0.154,0.368,7,0.156,-37,2,0,0,0,0,1,0.4286,0.0714,0,Orioles
29,Vimael Machín,31,3B,0.1,4,12,11,1,1,0,0,1,1,0,0,1,2,0.091,0.167,0.364,0.53,43,0.225,37,4,0,0,0,0,0,0.1667,0.0833,0.0833,Orioles
30,Jordyn Adams,25,OF,-0.1,10,5,5,1,0,0,0,0,0,0,0,0,2,0,0,0,0,-100,0,-125,0,0,0,0,0,0,0.4,0,0,Orioles
31,David Bañuelos,28,DH,0,1,2,1,0,0,0,0,0,0,0,0,0,1,0,0.5,0,0.5,60,0.358,135,0,0,1,0,0,0,0.5,0,0,Orioles
32,Cooper Hummel,30,RF,0,1,1,1,0,0,0,0,0,0,0,0,0,1,0,0,0,0,-100,0,-136,0,0,0,0,0,0,1,0,0,Orioles
33,Vidal Bruján,27,CF,0.1,1,1,1,0,1,0,0,0,0,0,0,0,0,1,1,1,2,468,0.889,536,1,0,0,0,0,0,0,0,0,Orioles
34,Terrin Vavra,28,2B,0,1,1,1,0,0,0,0,0,0,0,0,0,0,0,0,0,0,-100,0,-136,0,0,0,0,0,0,0,0,0,Orioles
1,Carlos Narváez,26,C,2.6,118,446,403,51,97,27,0,15,50,1,1,38,111,0.241,0.306,0.419,0.726,103,0.311,97,169,12,1,2,2,0,0.2489,0.0852,0.0336,Red_Sox
2,Abraham Toro,28,1B,-0.2,77,284,259,33,62,13,0,7,27,2,1,14,42,0.239,0.289,0.371,0.659,85,0.299,88,96,1,6,0,5,1,0.1479,0.0493,0.0246,Red_Sox
3,Kristian Campbell,23,2B,-1,67,263,229,24,51,10,0,6,21,2,1,29,72,0.223,0.319,0.345,0.664,89,0.299,88,79,1,4,0,1,0,0.2738,0.1103,0.0228,Red_Sox
4,Trevor Story,32,SS,3.8,157,654,612,91,161,29,0,25,96,31,1,33,176,0.263,0.308,0.433,0.741,107,0.333,105,265,3,7,1,1,1,0.2691,0.0505,0.0382,Red_Sox
5,Alex Bregman,31,3B,3.5,114,495,433,64,118,28,0,18,62,1,1,51,70,0.273,0.36,0.462,0.821,131,0.357,130,200,12,9,0,2,3,0.1414,0.103,0.0364,Red_Sox
6,Jarren Duran,28,LF,4.7,157,696,620,86,159,41,13,16,84,24,6,60,169,0.256,0.332,0.442,0.774,117,0.345,118,274,6,12,1,3,1,0.2428,0.0862,0.023,Red_Sox
7,Ceddanne Rafaela,24,CF,4.7,156,587,546,84,136,34,4,16,63,20,5,28,117,0.249,0.295,0.414,0.708,98,0.309,92,226,9,8,3,2,0,0.1993,0.0477,0.0273,Red_Sox
8,Wilyer Abreu,26,RF,3.2,115,417,373,53,92,17,0,22,69,6,3,40,101,0.247,0.317,0.469,0.786,119,0.332,112,175,8,0,1,3,5,0.2422,0.0959,0.0528,Red_Sox
9,Rafael Devers,28,DH,2.3,73,334,272,47,74,18,0,15,58,1,1,56,76,0.272,0.401,0.504,0.905,155,0.387,153,137,7,4,0,2,7,0.2275,0.1677,0.0449,Red_Sox
10,Romy González,28,IF,2,96,341,315,47,96,23,3,9,53,6,5,18,81,0.305,0.343,0.483,0.826,131,0.363,137,152,8,3,0,5,1,0.2375,0.0528,0.0264,Red_Sox
11,Roman Anthony,21,OF,3.1,71,303,257,48,75,18,1,8,32,4,1,40,84,0.292,0.396,0.463,0.859,143,0.375,142,119,2,5,0,1,0,0.2772,0.132,0.0264,Red_Sox
12,Rob Refsnyder,34,RF,1.2,70,209,182,29,49,12,0,9,30,3,0,24,54,0.269,0.354,0.484,0.838,134,0.368,135,88,6,1,0,2,1,0.2584,0.1148,0.0431,Red_Sox
13,Masataka Yoshida,31,DH,0.2,55,205,188,16,50,11,0,4,26,3,0,10,24,0.266,0.307,0.388,0.696,96,0.32,100,73,3,3,0,4,0,0.1171,0.0488,0.0195,Red_Sox
14,David Hamilton,27,2B,1,91,194,177,27,35,4,1,6,19,22,6,13,47,0.198,0.257,0.333,0.59,66,0.274,60,59,3,1,3,0,0,0.2423,0.067,0.0309,Red_Sox
15,Connor Wong,29,C,-0.6,63,188,168,16,32,8,0,0,7,2,1,16,42,0.19,0.262,0.238,0.5,44,0.242,46,40,7,1,1,2,0,0.2234,0.0851,0,Red_Sox
16,Marcelo Mayer,22,3B,0.2,44,136,127,20,29,8,1,4,10,0,2,8,41,0.228,0.272,0.402,0.674,88,0.288,85,51,2,0,0,1,0,0.3015,0.0588,0.0294,Red_Sox
17,Nathaniel Lowe,29,1B,0.4,34,119,100,14,28,6,1,2,16,0,0,15,29,0.28,0.37,0.42,0.79,124,0.336,115,42,1,1,0,3,2,0.2437,0.1261,0.0168,Red_Sox
18,Triston Casas,25,1B,-0.9,29,112,99,5,18,3,0,3,11,0,0,11,27,0.182,0.277,0.303,0.58,65,0.263,61,30,3,2,0,0,2,0.2411,0.0982,0.0268,Red_Sox
19,Nick Sogard,27,UT,0.1,30,104,96,13,25,8,0,0,9,2,1,5,24,0.26,0.317,0.344,0.661,88,0.3,88,33,3,3,0,0,0,0.2308,0.0481,0,Red_Sox
20,Nate Eaton,28,UT,0.1,41,90,81,16,24,4,0,1,4,9,2,6,19,0.296,0.348,0.383,0.731,107,0.334,104,31,1,1,1,1,0,0.2111,0.0667,0.0111,Red_Sox
21,Blake Sabol,27,C,-0.2,8,18,16,2,2,1,0,0,1,0,0,1,7,0.125,0.167,0.188,0.354,0,0.156,-17,3,1,0,0,1,0,0.3889,0.0556,0,Red_Sox
22,Jhostynxon García,22,OF,0,5,9,7,0,1,1,0,0,0,0,0,2,5,0.143,0.333,0.286,0.619,78,0.29,81,2,0,0,0,0,0,0.5556,0.2222,0,Red_Sox
23,Ali Sánchez,28,C,0,4,2,2,0,0,0,0,0,0,0,0,0,1,0,0,0,0,-100,0,-126,0,0,0,0,0,0,0.5,0,0,Red_Sox
1,Carson Kelly,30,C,3.6,111,421,369,48,92,13,1,17,50,2,0,45,80,0.249,0.333,0.428,0.761,120,0.337,121,158,11,3,0,4,0,0.19,0.1069,0.0404,Cubs
2,Michael Busch,27,1B,4.6,155,592,524,78,137,25,5,34,90,4,0,56,139,0.261,0.343,0.523,0.866,148,0.376,148,274,2,10,0,2,2,0.2348,0.0946,0.0574,Cubs
3,Nico Hoerner,28,2B,6.2,156,649,599,89,178,29,4,7,61,29,6,39,49,0.297,0.345,0.394,0.739,115,0.338,118,236,4,7,0,4,1,0.0755,0.0601,0.0108,Cubs
4,Dansby Swanson,31,SS,4.5,159,645,590,84,144,24,3,24,77,20,3,47,168,0.244,0.3,0.417,0.717,106,0.323,108,246,9,2,1,5,1,0.2605,0.0729,0.0372,Cubs
5,Matt Shaw,23,3B,3.1,126,437,393,57,89,21,3,13,44,17,5,38,94,0.226,0.295,0.394,0.69,99,0.309,99,155,2,2,0,4,0,0.2151,0.087,0.0297,Cubs
6,Ian Happ,30,LF,4,150,663,569,87,138,32,0,23,79,6,3,87,151,0.243,0.342,0.42,0.762,121,0.338,122,239,8,2,0,5,2,0.2278,0.1312,0.0347,Cubs
7,Pete Crow-Armstrong,23,CF,6,157,647,591,91,146,37,4,31,95,35,8,29,155,0.247,0.287,0.481,0.768,119,0.337,117,284,1,9,6,12,1,0.2396,0.0448,0.0479,Cubs
8,Kyle Tucker,28,RF,4.6,136,597,500,91,133,25,4,22,73,25,3,87,88,0.266,0.377,0.464,0.841,144,0.375,143,232,8,4,1,3,7,0.1474,0.1457,0.0369,Cubs
9,Seiya Suzuki,30,DH,2.6,151,651,571,75,140,31,3,32,103,5,2,71,164,0.245,0.326,0.478,0.804,131,0.348,129,273,13,1,0,8,1,0.2519,0.1091,0.0492,Cubs
10,Justin Turner,40,1B,-0.1,80,191,169,14,37,7,0,3,18,2,0,17,37,0.219,0.288,0.314,0.602,76,0.282,81,53,3,1,0,4,0,0.1937,0.089,0.0157,Cubs
11,Reese McGuire,30,C,0.3,44,140,133,17,30,2,0,9,24,0,0,4,27,0.226,0.245,0.444,0.688,95,0.289,87,59,3,0,1,2,0,0.1929,0.0286,0.0643,Cubs
12,Willi Castro,28,UT,-0.5,34,110,100,10,17,2,1,1,6,1,1,8,27,0.17,0.245,0.24,0.485,43,0.23,47,24,3,2,0,0,0,0.2455,0.0727,0.0091,Cubs
13,Jon Berti,35,3B,0.2,51,107,100,12,21,2,0,0,2,11,3,5,22,0.21,0.262,0.23,0.492,45,0.244,48,23,1,2,0,0,0,0.2056,0.0467,0,Cubs
14,Miguel Amaya,26,C,1.1,28,103,96,14,27,9,0,4,25,0,0,4,22,0.281,0.314,0.5,0.814,132,0.363,140,48,0,1,1,1,0,0.2136,0.0388,0.0388,Cubs
15,Moisés Ballesteros,21,DH,0.5,20,66,57,12,17,2,1,2,11,0,0,9,12,0.298,0.394,0.474,0.868,152,0.39,159,27,2,0,0,0,1,0.1818,0.1364,0.0303,Cubs
16,Vidal Bruján,27,UT,-0.4,36,47,45,6,10,3,0,0,3,2,1,1,12,0.222,0.234,0.289,0.523,52,0.224,42,13,1,0,0,1,0,0.2553,0.0213,0,Cubs
17,Owen Caissie,22,OF,-0.1,12,27,26,4,5,1,0,1,4,0,0,1,11,0.192,0.222,0.346,0.568,63,0.247,58,9,0,0,0,0,0,0.4074,0.037,0.037,Cubs
18,Nicky Lopez,30,IF,-0.3,14,22,18,2,1,0,0,0,1,0,0,4,3,0.056,0.227,0.056,0.283,-11,0.163,-2,1,1,0,0,0,0,0.1364,0.1818,0,Cubs
19,Carlos Santana,39,1B,-0.2,8,19,19,0,2,1,0,0,2,0,0,0,5,0.105,0.105,0.158,0.263,-25,0.113,-37,3,0,0,0,0,0,0.2632,0,0,Cubs
20,Gage Workman,25,IF,-0.2,9,15,14,0,3,1,0,0,2,1,0,1,6,0.214,0.267,0.286,0.552,61,0.26,56,4,0,0,0,0,0,0.4,0.0667,0,Cubs
21,Kevin Alcántara,22,OF,0.1,10,12,11,2,4,0,0,0,1,1,0,1,4,0.364,0.417,0.364,0.78,131,0.379,137,4,0,0,0,0,0,0.3333,0.0833,0,Cubs
1,Bo Naylor,25,C,1.5,123,414,359,46,70,22,1,14,47,1,2,45,99,0.195,0.282,0.379,0.661,82,0.289,80,136,4,1,3,6,0,0.2391,0.1087,0.0338,Guardians
2,Carlos Santana,39,1B,1.3,116,455,396,49,89,10,0,11,52,7,0,52,86,0.225,0.316,0.333,0.65,82,0.296,82,132,7,3,0,4,1,0.189,0.1143,0.0242,Guardians
3,Daniel Schneemann,28,2B,1.9,131,422,379,48,78,18,1,12,41,9,3,38,117,0.206,0.283,0.354,0.636,76,0.288,77,134,4,3,1,1,1,0.2773,0.09,0.0284,Guardians
4,Gabriel Arias,25,SS,1.1,129,471,432,44,95,25,2,11,54,8,4,27,162,0.22,0.274,0.363,0.638,76,0.277,70,157,8,7,1,4,1,0.3439,0.0573,0.0234,Guardians
5,José Ramírez,32,3B,5.8,158,673,593,103,168,34,3,30,85,44,7,66,74,0.283,0.36,0.503,0.863,137,0.372,134,298,9,8,0,5,22,0.11,0.0981,0.0446,Guardians
6,Steven Kwan,27,LF,3.7,156,693,625,81,170,29,1,11,56,21,5,55,60,0.272,0.33,0.374,0.705,96,0.312,94,234,3,3,3,7,2,0.0866,0.0794,0.0159,Guardians
7,Ángel Martínez,23,CF,-0.7,139,484,446,56,100,23,2,11,45,8,2,23,110,0.224,0.269,0.359,0.628,73,0.275,68,160,8,6,5,4,0,0.2273,0.0475,0.0227,Guardians
8,Nolan Jones,27,RF,-1.1,136,403,355,34,75,14,2,5,34,8,3,39,113,0.211,0.296,0.304,0.6,68,0.272,66,108,6,5,1,3,1,0.2804,0.0968,0.0124,Guardians
9,Kyle Manzardo,24,DH,0.4,142,531,470,47,110,19,2,27,70,2,0,48,135,0.234,0.313,0.455,0.768,110,0.331,109,214,7,8,0,5,2,0.2542,0.0904,0.0508,Guardians
10,Brayan Rocchio,24,MI,-0.3,115,383,344,34,80,18,2,5,44,8,4,22,77,0.233,0.29,0.34,0.63,75,0.278,71,117,4,8,4,5,0,0.201,0.0574,0.0131,Guardians
11,Austin Hedges,32,C,-0.4,68,180,155,13,25,3,0,5,10,1,2,18,43,0.161,0.25,0.277,0.527,47,0.233,40,43,2,1,4,2,0,0.2389,0.1,0.0278,Guardians
12,David Fry,29,DH,-0.8,66,157,146,16,25,4,0,8,23,1,0,9,58,0.171,0.229,0.363,0.592,61,0.256,54,53,3,2,0,0,0,0.3694,0.0573,0.051,Guardians
13,Jhonkensy Noel,23,RF,-1.4,69,153,148,19,24,2,0,6,13,0,0,4,52,0.162,0.183,0.297,0.48,31,0.211,22,44,4,0,0,1,0,0.3399,0.0261,0.0392,Guardians
14,Lane Thomas,29,CF,-0.6,39,142,125,10,20,2,0,4,11,4,1,14,44,0.16,0.246,0.272,0.518,45,0.242,43,34,4,1,0,2,0,0.3099,0.0986,0.0282,Guardians
15,CJ Kayfus,23,UT,0.1,44,138,123,16,27,10,1,4,19,4,0,11,38,0.22,0.292,0.415,0.707,94,0.311,90,51,0,2,1,1,0,0.2754,0.0797,0.029,Guardians
16,Will Wilson,26,IF,-0.5,34,91,78,7,15,4,0,0,2,2,0,7,34,0.192,0.267,0.244,0.511,44,0.238,34,19,1,1,5,0,0,0.3736,0.0769,0,Guardians
17,Johnathan Rodríguez,25,RF,-0.6,31,77,71,6,14,4,1,2,10,1,0,6,22,0.197,0.26,0.366,0.626,72,0.286,75,26,2,0,0,0,0,0.2857,0.0779,0.026,Guardians
18,George Valera,24,DH,-0.1,16,48,41,7,9,2,0,2,5,0,0,7,13,0.22,0.333,0.415,0.748,107,0.328,108,17,1,0,0,0,0,0.2708,0.1458,0.0417,Guardians
19,Will Brennan,27,OF,-0.2,6,13,11,0,1,0,0,0,0,0,1,1,1,0.091,0.231,0.091,0.322,-5,0.131,-7,1,1,1,0,0,0,0.0769,0.0769,0,Guardians
20,Petey Halpin,23,OF,0.1,6,8,6,5,2,0,0,0,0,0,0,2,2,0.333,0.5,0.333,0.833,140,0.382,147,2,0,0,0,0,0,0.25,0.25,0,Guardians
21,Dom Núñez,30,C,0,2,7,7,2,2,0,0,0,0,0,0,0,4,0.286,0.286,0.286,0.571,60,0.226,34,2,0,0,0,0,0,0.5714,0,0,Guardians
1,Hunter Goodman,25,C,3.7,144,579,540,73,150,28,5,31,91,1,2,33,152,0.278,0.323,0.52,0.843,121,0.367,124,281,16,4,0,2,0,0.2625,0.057,0.0535,Rockies
2,Michael Toglia,26,1B,-1.7,88,337,306,22,58,15,1,11,32,3,0,28,132,0.19,0.258,0.353,0.611,62,0.272,54,108,7,1,0,2,2,0.3917,0.0831,0.0326,Rockies
3,Thairo Estrada,29,2B,-0.4,39,165,154,14,39,9,0,3,21,1,3,6,26,0.253,0.285,0.37,0.655,74,0.286,72,57,6,2,0,3,0,0.1576,0.0364,0.0182,Rockies
4,Ezequiel Tovar,23,SS,0.6,95,390,360,44,91,18,4,9,33,5,3,21,98,0.253,0.294,0.4,0.694,84,0.305,80,144,2,1,6,2,0,0.2513,0.0538,0.0231,Rockies
5,Ryan McMahon,30,3B,1.2,100,401,350,42,76,15,1,16,35,2,1,49,127,0.217,0.314,0.403,0.717,91,0.314,86,141,4,1,0,1,1,0.3167,0.1222,0.0399,Rockies
6,Jordan Beck,24,LF,0.9,148,588,539,62,139,27,5,16,53,19,8,43,174,0.258,0.317,0.416,0.732,94,0.327,94,224,9,4,0,1,0,0.2959,0.0731,0.0272,Rockies
7,Brenton Doyle,27,CF,0.2,138,538,502,57,117,23,2,15,57,18,2,30,138,0.233,0.274,0.376,0.651,72,0.297,69,189,14,0,2,4,0,0.2565,0.0558,0.0279,Rockies
8,Mickey Moniak,27,RF,-0.6,135,461,434,62,117,20,8,24,68,9,3,22,110,0.27,0.306,0.518,0.824,116,0.349,110,225,4,2,0,3,1,0.2386,0.0477,0.0521,Rockies
9,Tyler Freeman,26,DH,-1.3,110,428,377,50,106,20,2,2,31,18,9,34,51,0.281,0.354,0.361,0.715,93,0.324,93,136,10,11,2,4,0,0.1192,0.0794,0.0047,Rockies
10,Kyle Farmer,34,IF,-0.8,97,300,277,24,63,14,0,8,31,0,1,17,66,0.227,0.28,0.365,0.645,71,0.288,68,101,9,4,0,2,0,0.22,0.0567,0.0267,Rockies
11,Ryan Ritter,24,MI,0.3,60,207,187,22,45,9,3,1,18,3,1,10,61,0.241,0.296,0.337,0.632,69,0.29,67,63,7,5,4,1,0,0.2947,0.0483,0.0048,Rockies
12,Orlando Arcia,30,IF,-1.1,62,182,172,12,35,6,1,3,12,0,1,9,39,0.203,0.242,0.302,0.544,45,0.245,39,52,4,0,0,1,0,0.2143,0.0495,0.0165,Rockies
13,Kyle Karros,22,3B,0,43,156,137,20,31,4,0,1,9,0,0,15,41,0.226,0.308,0.277,0.585,59,0.274,57,38,5,2,0,2,0,0.2628,0.0962,0.0064,Rockies
14,Yanquiel Fernández,22,DH,-0.8,52,147,138,13,31,5,0,4,11,0,0,8,44,0.225,0.265,0.348,0.613,63,0.269,54,48,4,0,0,1,0,0.2993,0.0544,0.0272,Rockies
15,Warming Bernabel,23,1B,0,40,146,139,15,35,8,1,4,14,1,1,7,25,0.252,0.288,0.41,0.698,84,0.311,85,57,2,0,0,0,0,0.1712,0.0479,0.0274,Rockies
16,Adael Amador,22,2B,-1.2,41,128,113,5,20,7,0,1,10,1,1,11,27,0.177,0.256,0.265,0.521,40,0.244,36,30,2,1,3,0,0,0.2109,0.0859,0.0078,Rockies
17,Braxton Fulford,26,C,-0.2,38,120,108,11,23,5,2,1,16,1,0,7,36,0.213,0.267,0.324,0.591,58,0.262,47,35,1,2,0,3,0,0.3,0.0583,0.0083,Rockies
18,Nick Martini,35,DH,-0.2,43,111,102,9,23,4,0,1,4,0,0,9,18,0.225,0.288,0.294,0.582,57,0.267,52,30,1,0,0,0,1,0.1622,0.0811,0.009,Rockies
19,Jacob Stallings,35,C,-0.9,28,93,84,4,12,3,0,0,6,0,0,5,31,0.143,0.217,0.179,0.396,8,0.188,-4,15,1,3,1,0,0,0.3333,0.0538,0,Rockies
20,Sean Bouchard,29,UT,-0.9,32,73,66,7,11,0,1,1,7,1,1,7,27,0.167,0.247,0.242,0.489,32,0.235,32,16,2,0,0,0,0,0.3699,0.0959,0.0137,Rockies
21,Sam Hilliard,31,OF,-0.2,20,61,51,8,10,3,1,2,3,2,1,10,23,0.196,0.328,0.412,0.74,97,0.325,94,21,1,0,0,0,0,0.377,0.1639,0.0328,Rockies
22,Blaine Crim,28,1B,0.3,15,61,54,9,13,2,0,5,12,0,0,5,22,0.241,0.295,0.556,0.851,121,0.351,112,30,0,0,0,2,0,0.3607,0.082,0.082,Rockies
23,Alan Trejo,29,SS,-0.4,13,43,40,3,7,2,0,0,1,0,0,1,7,0.175,0.19,0.225,0.415,11,0.183,-9,9,3,0,1,1,0,0.1628,0.0233,0,Rockies
24,Austin Nola,35,C,-0.2,14,41,38,2,7,1,0,0,1,0,0,2,5,0.184,0.225,0.211,0.436,18,0.199,2,8,2,0,1,0,0,0.122,0.0488,0,Rockies
25,Kris Bryant,33,DH,-0.5,11,41,39,2,6,2,0,0,1,0,0,2,13,0.154,0.195,0.205,0.4,8,0.183,-7,8,1,0,0,0,0,0.3171,0.0488,0,Rockies
26,Zac Veen,23,OF,-0.3,12,37,34,1,4,1,0,1,2,1,1,2,14,0.118,0.189,0.235,0.424,13,0.182,-2,8,0,1,0,0,0,0.3784,0.0541,0.027,Rockies
27,Aaron Schunk,27,IF,-0.3,16,33,32,1,6,1,0,0,0,0,0,0,10,0.188,0.188,0.219,0.406,9,0.18,-13,7,1,0,1,0,0,0.303,0,0,Rockies
28,Keston Hiura,28,1B,0,8,21,18,3,4,1,0,0,1,0,0,0,7,0.222,0.333,0.278,0.611,67,0.292,70,5,0,3,0,0,0,0.3333,0,0,Rockies
29,Owen Miller,28,IF,0,9,17,14,0,2,0,0,0,1,1,0,2,4,0.143,0.294,0.143,0.437,23,0.245,27,2,0,1,0,0,0,0.2353,0.1176,0,Rockies
30,Drew Romo,23,DH,-0.1,3,3,3,0,0,0,0,0,0,0,0,0,3,0,0,0,0,-100,0,-134,0,0,0,0,0,0,1,0,0,Rockies
1,Edgar Quero,22,C,1.2,111,403,365,31,98,17,0,5,36,0,1,32,71,0.268,0.333,0.356,0.689,94,0.308,96,130,8,4,0,2,0,0.1762,0.0794,0.0124,White_Sox
2,Andrew Vaughn,27,1B,-1.8,48,193,185,9,35,8,0,5,19,0,0,7,43,0.189,0.218,0.314,0.531,47,0.229,37,58,4,0,0,1,0,0.2228,0.0363,0.0259,White_Sox
3,Lenyn Sosa,25,2B,0.8,140,544,518,57,137,20,1,22,75,2,1,18,127,0.264,0.293,0.434,0.727,101,0.316,101,225,11,4,1,3,0,0.2335,0.0331,0.0404,White_Sox
4,Chase Meidroth,23,SS,1.3,122,505,450,54,114,15,0,5,23,14,4,45,72,0.253,0.329,0.32,0.649,84,0.303,89,144,14,6,3,1,0,0.1426,0.0891,0.0099,White_Sox
5,Miguel Vargas,25,3B,1.9,138,569,504,80,118,32,2,16,60,6,0,56,100,0.234,0.316,0.401,0.717,100,0.315,98,202,9,6,0,3,0,0.1757,0.0984,0.0281,White_Sox
6,Andrew Benintendi,30,LF,1,116,470,420,57,101,16,2,20,63,1,0,40,82,0.24,0.307,0.431,0.738,104,0.322,105,181,5,3,0,6,2,0.1745,0.0851,0.0426,White_Sox
7,Luis Robert Jr.,27,CF,1.4,110,431,382,52,85,12,0,14,53,33,8,40,112,0.223,0.297,0.364,0.661,85,0.307,88,139,8,2,1,3,3,0.2599,0.0928,0.0325,White_Sox
8,Mike Tauchman,34,RF,1.9,93,385,335,44,88,17,1,9,40,0,0,45,86,0.263,0.356,0.4,0.756,112,0.339,117,134,5,4,0,1,0,0.2234,0.1169,0.0234,White_Sox
9,Kyle Teel,23,DH,1.9,78,297,253,38,69,11,0,8,35,3,1,37,77,0.273,0.375,0.411,0.786,121,0.353,128,104,1,5,1,1,0,0.2593,0.1246,0.0269,White_Sox
10,Brooks Baldwin,24,OF,-0.5,103,328,300,32,72,15,1,11,38,5,0,21,86,0.24,0.29,0.407,0.697,93,0.307,92,122,9,1,4,2,0,0.2622,0.064,0.0335,White_Sox
11,Michael A. Taylor,34,OF,0.1,134,325,295,33,59,20,1,9,35,8,3,23,110,0.2,0.259,0.366,0.625,73,0.268,65,108,7,1,4,2,1,0.3385,0.0708,0.0277,White_Sox
12,Colson Montgomery,23,SS,3.3,71,284,255,43,61,9,1,21,55,0,0,25,83,0.239,0.311,0.529,0.84,130,0.357,131,135,3,2,0,1,1,0.2923,0.088,0.0739,White_Sox
13,Josh Rojas,31,IF,-1.5,69,211,189,14,34,9,0,2,11,4,1,19,48,0.18,0.252,0.259,0.512,45,0.246,48,49,6,0,1,2,0,0.2275,0.09,0.0095,White_Sox
14,Joshua Palacios,29,RF,-1.2,51,145,128,11,26,4,0,3,9,0,0,12,36,0.203,0.292,0.305,0.596,68,0.276,71,39,0,4,1,0,0,0.2483,0.0828,0.0207,White_Sox
15,Austin Slater,32,OF,0.3,51,135,123,20,29,6,1,5,11,1,0,11,35,0.236,0.299,0.423,0.721,100,0.316,100,52,5,0,1,0,0,0.2593,0.0815,0.037,White_Sox
16,Curtis Mead,24,CI,-0.6,41,132,125,12,30,8,0,0,11,1,0,3,30,0.24,0.28,0.304,0.584,64,0.26,59,38,5,4,0,0,0,0.2273,0.0227,0,White_Sox
17,Matt Thaiss,30,C,1.1,35,110,85,11,18,4,0,1,8,1,1,23,21,0.212,0.382,0.294,0.676,94,0.323,108,25,2,1,0,1,0,0.1909,0.2091,0.0091,White_Sox
18,Jacob Amaya,26,SS,-1,36,73,66,7,7,1,0,0,8,2,0,3,16,0.106,0.139,0.121,0.26,-26,0.125,-45,8,1,0,1,3,0,0.2192,0.0411,0,White_Sox
19,Tim Elko,26,1B,-0.5,23,72,67,6,9,1,0,4,8,1,0,5,30,0.134,0.194,0.328,0.523,43,0.241,44,22,1,0,0,0,0,0.4167,0.0694,0.0556,White_Sox
20,Nick Maton,28,DH,-0.1,25,63,54,5,9,2,0,2,4,0,1,9,19,0.167,0.286,0.315,0.601,69,0.264,69,17,0,0,0,0,0,0.3016,0.1429,0.0317,White_Sox
21,Will Robertson,27,LF,-0.8,24,63,60,2,8,1,0,0,8,0,0,1,20,0.133,0.159,0.15,0.309,-12,0.141,-27,9,0,1,0,1,0,0.3175,0.0159,0,White_Sox
22,Vinny Capra,28,IF,0.2,23,46,42,4,8,2,0,0,2,1,0,1,10,0.19,0.205,0.238,0.443,24,0.199,7,10,1,0,2,1,0,0.2174,0.0217,0,White_Sox
23,Ryan Noda,29,UT,-0.3,16,45,34,3,3,0,0,1,1,0,0,10,19,0.088,0.295,0.176,0.472,38,0.232,37,6,0,0,1,0,1,0.4222,0.2222,0.0222,White_Sox
24,Korey Lee,26,C,0.3,25,40,35,10,9,3,0,1,3,0,0,4,7,0.257,0.333,0.429,0.762,112,0.375,145,15,1,0,1,0,0,0.175,0.1,0.025,White_Sox
25,Dominic Fletcher,27,OF,0.3,12,34,32,5,7,5,0,1,2,1,0,2,2,0.219,0.265,0.469,0.733,100,0.315,95,15,1,0,0,0,0,0.0588,0.0588,0.0294,White_Sox
26,Bobby Dalbec,30,IF,0,7,21,18,2,4,1,0,0,1,0,0,3,6,0.222,0.333,0.278,0.611,75,0.279,74,5,1,0,0,0,0,0.2857,0.1429,0,White_Sox
27,Travis Jankowski,34,OF,-0.2,7,15,14,1,3,0,0,0,0,0,0,1,3,0.214,0.267,0.214,0.481,38,0.217,29,3,0,0,0,0,0,0.2,0.0667,0,White_Sox
28,Corey Julks,29,LF,0.1,6,13,12,2,3,2,0,0,1,0,0,0,3,0.25,0.231,0.417,0.647,76,0.251,54,5,0,0,0,1,0,0.2308,0,0,White_Sox
29,Bryan Ramos,23,3B,0.1,4,12,12,1,2,2,0,0,2,0,0,0,4,0.167,0.167,0.333,0.5,35,0.206,21,4,0,0,0,0,0,0.3333,0,0,White_Sox
30,Omar Narváez,33,C,0,4,10,7,1,2,0,0,0,3,0,0,2,1,0.286,0.4,0.286,0.686,98,0.305,93,2,0,0,0,1,0,0.1,0.2,0,White_Sox
31,Derek Hill,29,CF,0.2,4,8,7,0,2,0,0,0,1,0,0,0,2,0.286,0.375,0.286,0.661,90,0.3,89,2,0,1,0,0,0,0.25,0,0,White_Sox
32,Greg Jones,27,RF,0,3,2,2,0,0,0,0,0,0,1,0,0,2,0,0,0,0,-100,0.122,-122,0,0,0,0,0,0,1,0,0,White_Sox
33,Gage Workman,25,IF,-0.1,3,2,2,0,0,0,0,0,0,0,0,0,1,0,0,0,0,-100,0,-126,0,0,0,0,0,0,0.5,0,0,White_Sox
1,Jose Trevino,32,C,-0.2,93,302,282,30,67,20,0,4,22,0,0,15,39,0.238,0.272,0.351,0.623,68,0.278,63,99,9,0,1,4,0,0.1291,0.0497,0.0132,Reds
2,Spencer Steer,27,1B,0.7,146,568,509,66,121,21,2,21,75,7,1,51,129,0.238,0.312,0.411,0.723,95,0.321,93,209,12,5,1,2,0,0.2271,0.0898,0.037,Reds
3,Matt McLain,25,2B,0,147,577,510,73,112,18,0,15,50,18,2,55,167,0.22,0.3,0.343,0.643,75,0.297,72,175,8,5,3,4,0,0.2894,0.0953,0.026,Reds
4,Elly De La Cruz,23,SS,3.6,162,699,629,102,166,31,7,22,86,37,8,67,181,0.264,0.336,0.44,0.777,109,0.342,104,277,14,2,0,1,10,0.2589,0.0959,0.0315,Reds
5,Santiago Espinal,30,3B,-1.4,114,328,301,25,73,12,0,0,16,2,1,21,38,0.243,0.292,0.282,0.575,58,0.257,48,85,11,1,3,2,0,0.1159,0.064,0,Reds
6,Austin Hays,29,LF,0.8,103,416,380,60,101,16,5,15,64,7,0,29,107,0.266,0.315,0.453,0.768,106,0.335,101,172,9,1,0,6,2,0.2572,0.0697,0.0361,Reds
7,TJ Friedl,29,CF,2.3,152,685,579,82,151,22,2,14,53,12,3,81,115,0.261,0.364,0.378,0.742,103,0.341,106,219,7,16,4,5,0,0.1679,0.1182,0.0204,Reds
8,Noelvi Marte,23,RF,1.4,90,360,339,45,89,17,2,14,51,10,3,16,85,0.263,0.3,0.448,0.748,100,0.337,103,152,7,3,0,2,0,0.2361,0.0444,0.0389,Reds
9,Gavin Lux,27,DH,-0.2,140,503,446,49,120,28,2,5,53,1,0,56,114,0.269,0.35,0.374,0.724,98,0.326,97,167,3,0,0,1,0,0.2266,0.1113,0.0099,Reds
10,Tyler Stephenson,28,C,1.3,88,342,299,40,69,18,0,13,50,0,1,37,116,0.231,0.316,0.421,0.737,99,0.327,99,126,4,2,0,4,1,0.3392,0.1082,0.038,Reds
11,Will Benson,27,OF,0.6,90,253,230,31,52,8,2,12,41,2,2,16,67,0.226,0.273,0.435,0.708,89,0.301,81,100,4,1,0,6,1,0.2648,0.0632,0.0474,Reds
12,Jake Fraley,30,RF,0.4,67,193,168,29,39,8,0,6,23,4,2,24,41,0.232,0.332,0.387,0.719,95,0.324,96,65,1,1,0,0,1,0.2124,0.1244,0.0311,Reds
13,Ke'Bryan Hayes,28,3B,0.3,52,178,158,16,37,6,1,3,13,2,1,18,30,0.234,0.315,0.342,0.656,79,0.299,79,54,4,1,0,1,0,0.1685,0.1011,0.0169,Reds
14,Christian Encarnacion-Strand,25,1B,-0.6,36,137,130,13,27,4,0,6,19,0,2,3,32,0.208,0.234,0.377,0.61,63,0.254,52,49,1,2,0,2,0,0.2336,0.0219,0.0438,Reds
15,Miguel Andujar,30,DH,0.6,34,110,103,14,37,7,0,4,17,0,0,6,19,0.359,0.4,0.544,0.944,154,0.407,155,56,3,1,0,0,0,0.1727,0.0545,0.0364,Reds
16,Jeimer Candelario,31,CI,-0.9,22,91,80,3,9,2,0,2,10,0,1,9,29,0.113,0.198,0.213,0.41,12,0.185,2,17,1,0,0,2,0,0.3187,0.0989,0.022,Reds
17,Blake Dunn,26,OF,-0.1,30,75,60,10,9,2,0,1,7,1,1,8,25,0.15,0.32,0.233,0.553,54,0.27,60,14,1,7,0,0,0,0.3333,0.1067,0.0133,Reds
18,Connor Joe,32,UT,-0.5,35,70,61,2,13,4,0,0,4,2,2,6,14,0.213,0.286,0.279,0.564,55,0.249,48,17,2,1,0,2,0,0.2,0.0857,0,Reds
19,Sal Stewart,21,CI,0.5,18,58,55,11,14,1,0,5,8,0,0,3,15,0.255,0.293,0.545,0.839,122,0.351,115,30,1,0,0,0,0,0.2586,0.0517,0.0862,Reds
20,Rece Hinds,24,RF,-0.4,15,44,43,6,5,1,0,2,3,0,0,1,21,0.116,0.136,0.279,0.415,9,0.175,-9,12,1,0,0,0,0,0.4773,0.0227,0.0455,Reds
21,Austin Wynns,34,C,0.7,18,43,40,6,16,3,0,3,11,0,0,3,12,0.4,0.442,0.7,1.142,204,0.482,208,28,1,0,0,0,0,0.2791,0.0698,0.0698,Reds
22,Garrett Hampson,30,UT,-0.2,9,19,18,0,3,1,0,0,0,0,0,1,6,0.167,0.211,0.222,0.433,18,0.187,-1,4,1,0,0,0,0,0.3158,0.0526,0,Reds
23,Jacob Hurtubise,27,LF,-0.1,12,15,12,3,1,0,0,0,0,0,0,1,6,0.083,0.267,0.083,0.35,2,0.204,10,1,0,2,0,0,0,0.4,0.0667,0,Reds
24,Will Banfield,25,C,-0.2,7,10,10,0,1,0,0,0,0,0,0,0,6,0.1,0.1,0.1,0.2,-45,0.09,-70,1,1,0,0,0,0,0.6,0,0,Reds
25,Tyler Callihan,25,UT,-0.2,4,6,6,0,1,0,0,0,1,0,0,0,1,0.167,0.167,0.167,0.333,-9,0.15,-27,1,0,0,0,0,0,0.1667,0,0,Reds
26,Ryan Vilade,26,LF,0,1,0,0,0,0,0,0,0,0,0,0,0,0,,,,,,,,0,0,0,0,0,0,,,,Reds
1,Danny Jansen,30,C,2.1,73,259,221,28,45,8,0,11,29,0,0,33,68,0.204,0.314,0.389,0.703,95,0.312,98,86,4,3,1,1,0,0.2625,0.1274,0.0425,Rays
2,Jonathan Aranda,27,1B,3.5,106,422,370,56,117,22,0,14,59,0,2,41,107,0.316,0.393,0.489,0.883,145,0.377,147,181,9,8,0,3,3,0.2536,0.0972,0.0332,Rays
3,Brandon Lowe,30,2B,1.9,134,553,507,79,130,19,0,31,83,3,2,38,149,0.256,0.307,0.477,0.785,115,0.337,117,242,6,2,0,6,1,0.2694,0.0687,0.0561,Rays
4,Taylor Walls,28,SS,2.6,101,317,282,36,62,14,1,4,38,14,6,26,70,0.22,0.28,0.319,0.599,67,0.269,66,90,1,0,3,6,0,0.2208,0.082,0.0126,Rays
5,Junior Caminero,21,3B,4.4,154,653,602,93,159,28,0,45,110,7,1,41,125,0.264,0.311,0.535,0.846,130,0.366,136,322,31,3,0,7,1,0.1914,0.0628,0.0689,Rays
6,Christopher Morel,26,LF,-0.3,105,305,278,37,61,16,0,11,33,7,2,25,109,0.219,0.289,0.396,0.684,89,0.306,92,110,8,2,0,0,0,0.3574,0.082,0.0361,Rays
7,Chandler Simpson,24,CF,0.4,109,441,414,53,122,15,3,0,26,44,12,20,43,0.295,0.326,0.345,0.671,88,0.306,86,143,10,0,3,2,0,0.0975,0.0454,0,Rays
8,Josh Lowe,27,RF,0.1,108,435,396,56,87,21,2,11,40,18,4,33,109,0.22,0.283,0.366,0.65,80,0.289,77,145,7,3,1,2,1,0.2506,0.0759,0.0253,Rays
9,Yandy Díaz,33,DH,3.4,150,651,583,79,175,29,1,25,83,3,1,57,92,0.3,0.366,0.482,0.848,135,0.364,136,281,12,6,0,5,4,0.1413,0.0876,0.0384,Rays
10,Jake Mangum,29,OF,1.6,118,428,405,37,120,18,1,3,40,27,6,19,64,0.296,0.33,0.368,0.698,95,0.313,93,149,4,2,1,1,0,0.1495,0.0444,0.007,Rays
11,José Caballero,28,UT,1.8,86,275,235,37,53,12,1,2,27,34,8,33,80,0.226,0.327,0.311,0.638,80,0.309,85,73,1,3,3,1,0,0.2909,0.12,0.0073,Rays
12,Kameron Misner,27,CF,0.7,71,217,197,27,42,9,1,5,22,8,1,16,69,0.213,0.273,0.345,0.618,72,0.279,69,68,1,1,1,2,0,0.318,0.0737,0.023,Rays
13,Curtis Mead,24,IF,0.4,49,132,115,14,26,2,1,3,8,4,1,12,33,0.226,0.318,0.339,0.657,84,0.304,90,39,4,4,0,1,0,0.25,0.0909,0.0227,Rays
14,Carson Williams,22,SS,-0.2,32,106,99,11,17,3,0,5,12,2,1,6,44,0.172,0.219,0.354,0.573,56,0.252,54,35,3,0,1,0,0,0.4151,0.0566,0.0472,Rays
15,Hunter Feduccia,28,C,-0.5,36,102,86,5,13,5,0,0,8,1,0,14,28,0.151,0.265,0.209,0.474,36,0.227,34,18,0,0,0,2,0,0.2745,0.1373,0,Rays
16,Nick Fortes,28,C,0.3,38,101,89,8,19,3,0,3,11,1,0,7,25,0.213,0.307,0.348,0.655,83,0.313,97,31,3,5,0,0,0,0.2475,0.0693,0.0297,Rays
17,Ha-Seong Kim,29,SS,0.1,24,93,84,5,18,3,0,2,5,6,1,8,23,0.214,0.29,0.321,0.612,71,0.283,69,27,0,1,0,0,0,0.2473,0.086,0.0215,Rays
18,Tristan Gray,29,IF,0.2,30,86,78,9,18,5,0,3,9,0,0,6,19,0.231,0.282,0.41,0.693,91,0.296,86,32,0,0,1,1,0,0.2209,0.0698,0.0349,Rays
19,Bob Seymour,26,1B,-0.1,26,83,78,9,16,1,1,1,5,1,0,4,32,0.205,0.253,0.282,0.535,50,0.25,51,22,0,1,0,0,0,0.3855,0.0482,0.012,Rays
20,Matt Thaiss,30,C,0.1,25,80,71,5,16,2,1,0,8,0,0,6,25,0.225,0.304,0.282,0.585,66,0.265,63,20,0,2,1,0,0,0.3125,0.075,0,Rays
21,Everson Pereira,24,CF,-0.3,23,73,65,7,9,1,0,2,8,2,0,7,28,0.138,0.219,0.246,0.465,30,0.227,32,16,2,0,0,1,0,0.3836,0.0959,0.0274,Rays
22,Ben Rortvedt,27,C,-0.5,26,70,63,2,6,1,0,0,6,0,0,7,14,0.095,0.186,0.111,0.297,-14,0.163,-11,7,0,0,0,0,0,0.2,0.1,0,Rays
23,Jonny DeLuca,26,CF,0.6,20,59,57,5,19,1,3,0,4,6,0,2,13,0.333,0.356,0.456,0.812,125,0.365,119,26,0,0,0,0,0,0.2203,0.0339,0,Rays
24,Richie Palacios,28,UT,0,17,48,42,10,14,2,0,1,3,4,0,5,9,0.333,0.396,0.452,0.848,137,0.389,140,19,3,0,0,1,0,0.1875,0.1042,0.0208,Rays
25,Travis Jankowski,34,OF,0,14,34,31,6,8,2,0,0,2,2,0,2,9,0.258,0.294,0.323,0.617,73,0.279,64,10,0,0,0,1,0,0.2647,0.0588,0,Rays
26,Tristan Peters,25,CF,-0.4,4,12,12,0,0,0,0,0,0,0,0,0,7,0,0,0,0,-100,0,-129,0,0,0,0,0,0,0.5833,0,0,Rays
27,Coco Montes,28,UT,0.1,5,10,10,0,2,0,0,0,1,0,0,0,3,0.2,0.2,0.2,0.4,13,0.178,0,2,0,0,0,0,0,0.3,0,0,Rays
1,Jonah Heim,30,C,0.4,124,433,395,38,84,14,0,11,43,3,0,32,88,0.213,0.271,0.332,0.602,77,0.276,83,131,10,1,1,4,0,0.2032,0.0739,0.0254,Rangers
2,Jake Burger,29,1B,0.9,103,376,356,43,84,15,1,16,53,1,1,12,93,0.236,0.269,0.419,0.687,99,0.298,100,149,3,5,0,3,0,0.2473,0.0319,0.0426,Rangers
3,Marcus Semien,34,2B,3.3,127,534,470,62,108,16,1,15,62,11,1,50,93,0.23,0.305,0.364,0.669,97,0.301,100,171,8,5,0,9,0,0.1742,0.0936,0.0281,Rangers
4,Corey Seager,31,SS,6.2,102,445,380,61,103,19,0,21,50,3,0,58,87,0.271,0.373,0.487,0.86,151,0.37,153,185,13,5,0,2,10,0.1955,0.1303,0.0472,Rangers
5,Josh Jung,27,3B,1.4,131,511,482,53,121,23,1,14,61,4,1,27,129,0.251,0.294,0.39,0.684,100,0.301,102,188,10,2,0,0,0,0.2524,0.0528,0.0274,Rangers
6,Wyatt Langford,23,LF,5.6,134,573,489,73,118,25,1,22,62,22,6,74,151,0.241,0.344,0.431,0.775,127,0.342,130,211,9,5,0,5,3,0.2635,0.1291,0.0384,Rangers
7,Evan Carter,22,CF,1.9,63,220,194,31,48,9,2,5,25,14,2,19,41,0.247,0.336,0.392,0.728,114,0.333,118,76,2,7,0,0,1,0.1864,0.0864,0.0227,Rangers
8,Adolis García,32,RF,2.7,135,547,507,58,115,28,0,19,75,13,4,28,135,0.227,0.271,0.394,0.665,93,0.291,94,200,9,5,0,7,1,0.2468,0.0512,0.0347,Rangers
9,Joc Pederson,33,DH,-0.3,96,306,265,28,48,10,1,9,26,2,0,34,65,0.181,0.285,0.328,0.614,81,0.278,84,87,5,5,0,1,0,0.2124,0.1111,0.0294,Rangers
10,Josh Smith,27,IF,3,144,563,495,70,124,23,2,10,35,12,3,55,100,0.251,0.335,0.366,0.7,107,0.318,113,181,3,8,3,1,2,0.1776,0.0977,0.0178,Rangers
11,Kyle Higashioka,35,C,1.6,94,327,303,33,73,14,1,11,47,3,1,20,72,0.241,0.291,0.403,0.693,102,0.305,105,122,5,2,0,2,0,0.2202,0.0612,0.0336,Rangers
12,Ezequiel Durán,26,IF,0.2,90,219,205,16,46,14,0,0,14,11,2,8,55,0.224,0.266,0.293,0.559,65,0.251,61,60,3,4,1,1,0,0.2511,0.0365,0,Rangers
13,Sam Haggerty,31,OF,0.9,64,182,162,31,41,7,3,2,13,12,4,16,37,0.253,0.328,0.37,0.698,106,0.334,123,60,1,2,1,0,1,0.2033,0.0879,0.011,Rangers
14,Alejandro Osuna,22,LF,0.2,63,176,151,12,32,4,0,2,15,5,4,21,34,0.212,0.313,0.278,0.591,77,0.264,79,42,1,2,0,2,1,0.1932,0.1193,0.0114,Rangers
15,Rowdy Tellez,30,1B,0.4,50,127,116,14,30,5,0,6,22,0,0,9,34,0.259,0.315,0.457,0.772,124,0.336,128,53,3,1,0,1,0,0.2677,0.0709,0.0472,Rangers
16,Cody Freeman,24,2B,-0.3,36,121,114,13,26,4,0,3,15,1,1,5,19,0.228,0.258,0.342,0.6,75,0.264,77,39,3,0,1,1,0,0.157,0.0413,0.0248,Rangers
17,Michael Helman,29,CF,1,38,110,99,18,23,5,1,5,20,4,0,7,21,0.232,0.29,0.455,0.744,115,0.33,118,45,0,1,3,0,0,0.1909,0.0636,0.0455,Rangers
18,Leody Taveras,26,CF,0.1,30,82,79,7,19,3,1,1,8,6,1,2,23,0.241,0.259,0.342,0.601,76,0.268,70,27,0,0,1,0,0,0.2805,0.0244,0.0122,Rangers
19,Dustin Harris,25,OF,0.2,19,43,40,5,8,3,0,1,2,1,1,3,13,0.2,0.256,0.35,0.606,77,0.258,76,14,1,0,0,0,0,0.3023,0.0698,0.0233,Rangers
20,Kevin Pillar,36,OF,-0.1,20,43,43,6,9,2,0,0,1,3,0,0,8,0.209,0.209,0.256,0.465,37,0.213,26,11,0,0,0,0,0,0.186,0,0,Rangers
21,Dylan Moore,32,UT,0.2,18,30,27,6,7,0,0,2,6,2,1,1,6,0.259,0.3,0.481,0.781,126,0.326,122,13,0,1,0,1,0,0.2,0.0333,0.0667,Rangers
22,Billy McKinney,30,OF,-0.1,6,21,20,4,4,1,0,0,1,0,0,1,1,0.2,0.238,0.25,0.488,45,0.261,73,5,0,0,0,0,0,0.0476,0.0476,0,Rangers
23,Tucker Barnhart,34,C,0,8,15,13,0,3,0,0,0,0,0,0,1,4,0.231,0.333,0.231,0.564,72,0.271,81,3,2,1,0,0,0,0.2667,0.0667,0,Rangers
24,Blaine Crim,28,1B,-0.2,5,13,11,1,0,0,0,0,0,0,0,1,6,0,0.154,0,0.154,-48,0.108,-38,0,0,1,0,0,0,0.4615,0.0769,0,Rangers
25,Nick Ahmed,35,SS,0.1,5,10,9,1,0,0,0,0,0,1,0,1,3,0,0.1,0,0.1,-66,0.182,-1,0,1,0,0,0,0,0.3,0.1,0,Rangers
26,Justin Foscue,26,1B,-0.1,4,9,9,0,1,1,0,0,2,0,0,0,3,0.111,0.111,0.222,0.333,-5,0.138,-17,2,0,0,0,0,0,0.3333,0,0,Rangers
27,Jonathan Ornelas,25,MI,0,4,6,5,0,0,0,0,0,0,0,0,1,3,0,0.167,0,0.167,-44,0.114,-34,0,0,0,0,0,0,0.5,0.1667,0,Rangers
28,Donovan Solano,37,2B,-0.1,2,3,3,0,0,0,0,0,0,0,0,0,2,0,0,0,0,-100,0,-118,0,0,0,0,0,0,0.6667,0,0,Rangers
1,Alejandro Kirk,26,C,2.3,130,506,451,45,127,18,0,15,76,1,0,48,59,0.282,0.348,0.421,0.769,111,0.334,110,190,16,1,0,6,2,0.1166,0.0949,0.0296,Blue_Jays
2,Vladimir Guerrero Jr.,26,1B,4.6,156,680,589,96,172,34,0,23,84,6,3,81,94,0.292,0.381,0.467,0.848,132,0.365,133,275,17,6,0,4,8,0.1382,0.1191,0.0338,Blue_Jays
3,Andrés Giménez,26,2B,1.1,101,369,329,39,69,11,1,7,35,12,2,25,66,0.21,0.285,0.313,0.598,65,0.277,65,103,8,11,1,3,0,0.1789,0.0678,0.019,Blue_Jays
4,Bo Bichette,27,SS,3.5,139,628,582,78,181,44,1,18,94,4,3,40,91,0.311,0.357,0.483,0.84,128,0.364,132,281,17,3,0,3,2,0.1449,0.0637,0.0287,Blue_Jays
5,Addison Barger,25,3B,1.2,135,502,460,61,112,32,1,21,74,4,1,36,121,0.243,0.301,0.454,0.756,104,0.32,100,209,8,3,0,2,4,0.241,0.0717,0.0418,Blue_Jays
6,Davis Schneider,26,LF,1.3,82,227,188,33,44,5,0,11,31,3,1,36,60,0.234,0.361,0.436,0.797,118,0.36,128,82,4,2,0,1,0,0.2643,0.1586,0.0485,Blue_Jays
7,Daulton Varsho,28,CF,2.8,71,271,248,43,59,13,2,20,55,2,0,17,77,0.238,0.284,0.548,0.833,121,0.343,116,136,1,1,0,5,1,0.2841,0.0627,0.0738,Blue_Jays
8,Nathan Lukes,30,RF,2,135,438,388,55,99,19,2,12,65,2,4,38,60,0.255,0.323,0.407,0.73,99,0.313,97,158,12,2,7,3,2,0.137,0.0868,0.0274,Blue_Jays
9,George Springer,35,DH,4.8,140,586,498,106,154,27,1,32,84,18,1,69,111,0.309,0.399,0.56,0.959,160,0.414,165,279,14,8,0,4,3,0.1894,0.1177,0.0546,Blue_Jays
10,Ernie Clement,29,IF,4.3,157,588,545,83,151,35,2,9,50,6,5,27,61,0.277,0.313,0.398,0.711,94,0.306,91,217,13,4,7,5,1,0.1037,0.0459,0.0153,Blue_Jays
11,Myles Straw,30,OF,2.9,137,299,267,51,70,14,1,4,32,12,1,19,50,0.262,0.313,0.367,0.68,86,0.311,87,98,5,1,11,1,0,0.1672,0.0635,0.0134,Blue_Jays
12,Anthony Santander,30,DH,-1,54,221,194,16,34,5,0,6,18,0,0,25,61,0.175,0.271,0.294,0.565,56,0.253,51,57,6,1,0,1,1,0.276,0.1131,0.0271,Blue_Jays
13,Tyler Heineman,34,C,1.9,61,174,149,25,43,8,1,3,20,2,0,12,31,0.289,0.361,0.416,0.777,113,0.339,112,62,1,6,5,2,0,0.1782,0.069,0.0172,Blue_Jays
14,Will Wagner,26,3B,-0.5,40,132,114,13,27,7,0,0,7,1,0,15,26,0.237,0.336,0.298,0.634,77,0.311,92,34,2,2,1,0,0,0.197,0.1136,0,Blue_Jays
15,Alan Roden,25,LF,-0.1,43,113,98,12,20,5,1,1,8,0,1,8,24,0.204,0.283,0.306,0.589,63,0.256,56,30,0,4,0,3,0,0.2124,0.0708,0.0088,Blue_Jays
16,Jonatan Clase,23,LF,-0.2,34,112,100,10,21,3,0,2,9,3,1,10,28,0.21,0.288,0.3,0.588,63,0.264,57,30,1,1,1,0,0,0.25,0.0893,0.0179,Blue_Jays
17,Joey Loperfido,26,LF,0.6,41,104,96,12,32,4,0,4,14,1,2,4,27,0.333,0.379,0.5,0.879,139,0.381,150,48,2,3,1,0,0,0.2596,0.0385,0.0385,Blue_Jays
18,Ty France,30,1B,0.2,37,103,94,9,26,6,0,1,8,0,0,3,20,0.277,0.32,0.372,0.693,90,0.299,84,35,3,4,0,2,1,0.1942,0.0291,0.0097,Blue_Jays
19,Leo Jiménez,24,MI,-0.3,18,32,29,2,2,0,0,1,1,0,0,2,8,0.069,0.129,0.172,0.301,-18,0.167,-15,5,1,0,1,0,0,0.25,0.0625,0.0312,Blue_Jays
20,Isiah Kiner-Falefa,30,IF,0,19,31,30,5,7,1,0,1,5,0,0,0,8,0.233,0.258,0.367,0.625,69,0.262,58,11,0,1,0,0,0,0.2581,0,0.0323,Blue_Jays
21,Michael Stefanic,29,2B,0,9,25,22,1,4,0,0,0,0,0,0,3,3,0.182,0.28,0.182,0.462,32,0.221,28,4,0,0,0,0,0,0.12,0.12,0,Blue_Jays
22,Ali Sánchez,28,C,-0.2,8,21,21,2,5,2,0,0,0,0,0,0,5,0.238,0.238,0.333,0.571,55,0.24,42,7,1,0,0,0,0,0.2381,0,0,Blue_Jays
23,Will Robertson,27,OF,-0.2,3,12,10,0,1,0,0,0,1,0,0,1,7,0.1,0.25,0.1,0.35,2,0.191,6,1,1,1,0,0,0,0.5833,0.0833,0,Blue_Jays
24,Buddy Kennedy,26,IF,-0.1,2,6,5,1,1,1,0,0,0,0,0,1,1,0.2,0.333,0.4,0.733,101,0.321,100,2,0,0,0,0,0,0.1667,0.1667,0,Blue_Jays
1,Dillon Dingler,26,C,3.1,126,469,435,54,121,21,2,13,57,0,0,23,110,0.278,0.327,0.425,0.752,108,0.329,109,185,5,9,0,1,2,0.2345,0.049,0.0277,Tigers
2,Spencer Torkelson,25,1B,2.3,155,649,563,82,135,27,1,31,78,2,1,72,169,0.24,0.333,0.456,0.789,117,0.339,116,257,12,9,0,5,6,0.2604,0.1109,0.0478,Tigers
3,Gleyber Torres,28,2B,2.9,145,628,532,79,136,22,0,16,74,4,1,85,101,0.256,0.358,0.387,0.745,108,0.336,113,206,11,4,0,7,0,0.1608,0.1354,0.0255,Tigers
4,Trey Sweeney,25,SS,-0.8,118,326,296,36,58,6,2,6,32,3,1,26,92,0.196,0.258,0.291,0.548,53,0.248,49,86,2,0,0,4,0,0.2822,0.0798,0.0184,Tigers
5,Zach McKinstry,30,3B,2.8,144,511,452,68,117,23,11,12,49,19,5,46,111,0.259,0.333,0.438,0.771,113,0.336,111,198,6,7,1,5,1,0.2172,0.09,0.0235,Tigers
6,Riley Greene,24,LF,2.2,157,655,600,84,155,31,1,36,111,2,1,46,201,0.258,0.313,0.493,0.806,120,0.343,118,296,14,4,0,5,1,0.3069,0.0702,0.055,Tigers
7,Parker Meadows,25,CF,0.3,58,213,191,22,41,6,2,4,16,4,0,21,56,0.215,0.291,0.33,0.621,73,0.279,69,63,0,0,0,1,0,0.2629,0.0986,0.0188,Tigers
8,Wenceel Pérez,25,RF,0.8,100,383,344,47,84,17,4,13,43,8,3,31,87,0.244,0.308,0.43,0.738,103,0.316,98,148,5,3,0,5,0,0.2272,0.0809,0.0339,Tigers
9,Colt Keith,23,DH,1.5,137,468,414,65,106,22,2,13,45,1,1,48,102,0.256,0.333,0.413,0.746,107,0.326,107,171,7,2,0,4,1,0.2179,0.1026,0.0278,Tigers
10,Kerry Carpenter,27,OF,1.8,130,464,433,66,109,18,5,26,62,1,1,18,106,0.252,0.291,0.497,0.788,114,0.335,114,215,3,7,0,2,0,0.2284,0.0388,0.056,Tigers
11,Javier Báez,32,UT,1.9,126,437,417,55,107,17,3,12,57,5,1,10,109,0.257,0.282,0.398,0.68,87,0.297,84,166,8,6,0,3,0,0.2494,0.0229,0.0275,Tigers
12,Andy Ibáñez,32,3B,0.6,91,193,176,24,42,8,0,4,21,4,1,12,26,0.239,0.301,0.352,0.653,81,0.292,80,62,6,4,0,1,0,0.1347,0.0622,0.0207,Tigers
13,Jahmai Jones,27,DH,0.9,72,150,129,21,37,11,1,7,23,2,0,18,32,0.287,0.387,0.55,0.937,157,0.403,160,71,3,3,0,0,1,0.2133,0.12,0.0467,Tigers
14,Jake Rogers,30,C,0.2,46,142,123,14,23,5,2,3,19,0,0,15,39,0.187,0.277,0.333,0.61,69,0.28,73,41,3,1,1,2,0,0.2746,0.1056,0.0211,Tigers
15,Justyn-Henry Malloy,25,DH,-0.2,52,127,104,15,23,6,0,1,17,0,0,20,32,0.221,0.346,0.308,0.654,85,0.303,90,32,1,1,0,2,0,0.252,0.1575,0.0079,Tigers
16,Matt Vierling,28,CF,-0.3,31,100,88,6,21,3,0,1,11,2,0,7,24,0.239,0.31,0.307,0.617,73,0.281,70,27,1,3,0,2,0,0.24,0.07,0.01,Tigers
17,Jace Jung,24,3B,-0.5,21,55,47,8,5,0,0,0,3,0,0,7,16,0.106,0.236,0.106,0.343,1,0.181,1,5,2,1,0,0,0,0.2909,0.1273,0,Tigers
18,Ryan Kreidler,27,CF,-0.2,17,44,38,5,4,0,0,0,0,2,0,4,19,0.105,0.19,0.105,0.296,-14,0.162,-27,4,0,0,2,0,0,0.4318,0.0909,0,Tigers
19,Tomás Nido,31,C,-0.1,10,37,35,4,12,0,0,0,2,0,0,0,10,0.343,0.361,0.343,0.704,98,0.314,97,12,1,1,1,0,0,0.2703,0,0,Tigers
20,Manuel Margot,30,RF,-0.1,6,20,19,1,6,0,0,0,3,0,0,0,6,0.316,0.3,0.316,0.616,72,0.262,60,6,0,0,0,1,0,0.3,0,0,Tigers
21,Akil Baddoo,26,OF,0.2,7,18,17,0,2,1,0,0,1,1,0,1,5,0.118,0.167,0.176,0.343,-4,0.17,-17,3,0,0,0,0,0,0.2778,0.0556,0,Tigers
22,Brewer Hicklen,29,CF,0.1,1,4,3,2,2,0,0,0,0,1,0,1,1,0.667,0.75,0.667,1.417,301,0.653,302,2,0,0,0,0,0,0.25,0.25,0,Tigers
1,Yainer Diaz,26,C,2.7,143,567,542,56,139,25,1,20,70,1,1,20,95,0.256,0.284,0.417,0.701,93,0.309,94,226,13,2,0,3,2,0.1675,0.0353,0.0353,Astros
2,Christian Walker,34,1B,0.2,154,640,585,72,139,24,1,27,88,2,1,40,177,0.238,0.297,0.421,0.717,98,0.312,96,246,10,11,0,4,1,0.2766,0.0625,0.0422,Astros
3,Jose Altuve,35,2B,0.5,155,654,588,80,156,24,1,26,77,10,6,55,109,0.265,0.329,0.442,0.771,113,0.331,110,260,20,4,1,6,5,0.1667,0.0841,0.0398,Astros
4,Jeremy Peña,27,SS,5.6,125,543,493,68,150,30,2,17,62,20,2,35,93,0.304,0.363,0.477,0.84,133,0.368,132,235,9,12,1,2,2,0.1713,0.0645,0.0313,Astros
5,Isaac Paredes,26,3B,2.3,102,438,378,53,96,15,1,20,53,0,1,50,76,0.254,0.352,0.458,0.809,124,0.353,127,173,10,8,0,2,0,0.1735,0.1142,0.0457,Astros
6,Cooper Hummel,30,LF,-0.7,36,104,87,10,15,0,0,3,7,1,0,14,30,0.172,0.301,0.276,0.577,63,0.272,65,24,1,2,1,0,0,0.2885,0.1346,0.0288,Astros
7,Jake Meyers,29,CF,2.4,104,381,343,53,100,15,2,3,24,16,5,31,67,0.292,0.354,0.373,0.727,104,0.333,109,128,9,3,2,2,0,0.1759,0.0814,0.0079,Astros
8,Cam Smith,22,RF,1.9,134,493,441,55,104,21,3,9,51,8,1,43,137,0.236,0.312,0.358,0.671,87,0.304,88,158,11,7,0,2,0,0.2779,0.0872,0.0183,Astros
9,Yordan Alvarez,28,DH,0.7,48,199,165,17,45,8,0,6,27,1,1,28,33,0.273,0.367,0.43,0.797,122,0.339,117,71,1,0,0,6,5,0.1658,0.1407,0.0302,Astros
10,Mauricio Dubón,30,UT,1.7,133,398,369,43,89,21,0,7,33,3,0,24,42,0.241,0.289,0.355,0.644,79,0.281,72,131,12,1,3,1,0,0.1055,0.0603,0.0176,Astros
11,Victor Caratini,31,C,0.9,114,386,344,35,89,14,0,12,46,1,0,23,65,0.259,0.324,0.404,0.728,102,0.319,101,139,8,13,0,6,0,0.1684,0.0596,0.0311,Astros
12,Carlos Correa,30,3B,1.3,51,220,200,23,58,10,0,6,21,0,0,19,45,0.29,0.355,0.43,0.785,118,0.349,123,86,7,1,0,0,0,0.2045,0.0864,0.0273,Astros
13,Jesús Sánchez,27,OF,0.3,48,160,146,21,29,9,0,4,12,4,1,13,40,0.199,0.269,0.342,0.611,70,0.277,68,50,2,1,0,0,0,0.25,0.0812,0.025,Astros
14,Taylor Trammell,27,OF,-0.2,52,135,117,15,23,7,0,3,12,3,2,17,41,0.197,0.296,0.333,0.63,76,0.278,73,39,0,0,0,1,0,0.3037,0.1259,0.0222,Astros
15,Brendan Rodgers,28,2B,0,43,128,115,12,22,4,0,2,11,0,1,11,46,0.191,0.266,0.278,0.544,53,0.263,63,32,2,1,0,1,0,0.3594,0.0859,0.0156,Astros
16,Chas McCormick,30,CF,-1,64,116,100,13,21,5,0,1,5,2,3,9,31,0.21,0.279,0.29,0.569,60,0.243,50,29,1,1,5,1,0,0.2672,0.0776,0.0086,Astros
17,Zach Dezenzo,25,OF,0.1,34,109,98,17,24,6,0,2,10,1,0,11,37,0.245,0.321,0.367,0.688,92,0.313,95,36,2,0,0,0,0,0.3394,0.1009,0.0183,Astros
18,Ramón Urías,31,2B,0.7,35,101,94,6,21,5,0,3,10,1,0,6,28,0.223,0.267,0.372,0.64,76,0.285,74,35,1,0,0,1,0,0.2772,0.0594,0.0297,Astros
19,Jacob Melton,24,OF,-0.3,32,78,70,7,11,0,1,0,7,7,2,6,29,0.157,0.234,0.186,0.419,20,0.205,11,13,2,1,0,0,0,0.3718,0.0769,0,Astros
20,Zack Short,30,SS,0,22,56,50,9,11,2,0,2,7,0,1,4,18,0.22,0.291,0.38,0.671,86,0.278,78,19,0,1,1,0,0,0.3214,0.0714,0.0357,Astros
21,Zach Cole,24,OF,0.6,15,52,47,9,12,2,0,4,11,3,0,5,20,0.255,0.327,0.553,0.88,140,0.382,137,26,0,0,0,0,0,0.3846,0.0962,0.0769,Astros
22,Brice Matthews,23,2B,0.3,13,47,42,6,7,0,0,4,9,1,0,2,20,0.167,0.222,0.452,0.675,82,0.306,87,19,0,1,2,0,0,0.4255,0.0426,0.0851,Astros
23,Shay Whitcomb,26,UT,-0.3,20,32,32,4,4,0,0,1,1,0,0,0,10,0.125,0.125,0.219,0.344,-7,0.171,-6,7,0,0,0,0,0,0.3125,0,0.0312,Astros
24,Luis Guillorme,30,IF,-0.2,12,21,20,2,3,0,0,0,0,0,0,1,8,0.15,0.19,0.15,0.34,-3,0.16,-15,3,2,0,0,0,0,0.381,0.0476,0,Astros
25,César Salazar,29,C,-0.1,11,16,13,0,3,0,0,0,1,0,0,2,2,0.231,0.375,0.231,0.606,76,0.291,81,3,1,1,0,0,0,0.125,0.125,0,Astros
26,Jon Singleton,33,DH,-0.1,3,9,9,0,1,0,0,0,0,0,0,0,1,0.111,0.111,0.111,0.222,-37,0.099,-59,1,0,0,0,0,0,0.1111,0,0,Astros
27,Kenedy Corona,25,CF,0,3,4,2,0,0,0,0,0,0,0,0,2,1,0,0.5,0,0.5,59,0.343,118,0,0,0,0,0,0,0.25,0.5,0,Astros
1,Salvador Perez,35,C,0.4,155,641,597,54,141,35,0,30,100,0,0,28,125,0.236,0.284,0.446,0.729,100,0.311,97,266,14,12,0,1,5,0.195,0.0437,0.0468,Royals
2,Vinnie Pasquantino,27,1B,2.4,160,682,621,72,164,33,1,32,113,1,0,49,107,0.264,0.323,0.475,0.798,120,0.343,121,295,14,7,0,5,5,0.1569,0.0718,0.0469,Royals
3,Jonathan India,28,2B,0.3,136,567,497,63,116,29,0,9,45,0,4,54,106,0.233,0.323,0.346,0.669,89,0.299,91,172,10,13,1,2,0,0.1869,0.0952,0.0159,Royals
4,Bobby Witt Jr.,25,SS,7.1,157,687,623,99,184,47,6,23,88,38,9,49,125,0.295,0.351,0.501,0.852,136,0.37,136,312,7,8,0,7,8,0.182,0.0713,0.0335,Royals
5,Maikel Garcia,25,3B,5.8,160,666,595,81,170,39,5,16,74,23,9,62,84,0.286,0.351,0.449,0.8,123,0.348,123,267,14,1,3,5,0,0.1261,0.0931,0.024,Royals
6,Drew Waters,26,LF,-0.4,71,219,206,21,50,6,3,1,14,5,3,11,60,0.243,0.288,0.316,0.603,70,0.281,76,65,2,2,0,0,0,0.274,0.0502,0.0046,Royals
7,Kyle Isbel,28,CF,1.6,135,409,368,42,94,16,4,4,33,4,5,23,74,0.255,0.301,0.353,0.654,83,0.284,80,130,7,2,13,3,0,0.1809,0.0562,0.0098,Royals
8,Jac Caglianone,22,RF,-1.3,62,232,210,19,33,6,1,7,18,1,0,18,52,0.157,0.237,0.295,0.532,49,0.238,43,62,4,4,0,0,0,0.2241,0.0776,0.0302,Royals
9,Carter Jensen,21,DH,0.8,20,69,60,12,18,6,0,3,13,0,0,9,12,0.3,0.391,0.55,0.941,161,0.399,162,33,1,0,0,0,0,0.1739,0.1304,0.0435,Royals
10,Michael Massey,27,2B,-0.1,77,277,262,20,64,9,0,3,20,2,1,9,43,0.244,0.268,0.313,0.581,63,0.255,57,82,3,1,1,4,0,0.1552,0.0325,0.0108,Royals
11,Freddy Fermin,30,C,1.1,67,208,192,17,49,7,0,3,12,1,2,13,37,0.255,0.309,0.339,0.648,82,0.284,80,65,2,2,1,0,1,0.1779,0.0625,0.0144,Royals
12,Adam Frazier,33,UT,1.1,56,197,184,21,52,10,0,4,23,1,1,9,36,0.283,0.32,0.402,0.722,101,0.314,101,74,0,2,0,2,0,0.1827,0.0457,0.0203,Royals
13,Nick Loftin,26,LF,-0.4,67,188,168,17,35,9,2,4,20,1,1,14,27,0.208,0.278,0.357,0.635,77,0.273,70,60,7,3,1,2,0,0.1436,0.0745,0.0213,Royals
14,Mike Yastrzemski,34,RF,1,50,186,156,30,37,14,0,9,18,1,0,25,22,0.237,0.339,0.5,0.839,131,0.354,128,78,3,1,0,4,0,0.1183,0.1344,0.0484,Royals
15,John Rave,27,OF,0.1,72,175,153,18,30,5,0,4,14,7,2,18,46,0.196,0.283,0.307,0.59,66,0.266,61,47,1,1,2,1,0,0.2629,0.1029,0.0229,Royals
16,Mark Canha,36,OF,-1,46,125,113,9,24,3,0,1,6,0,1,7,24,0.212,0.272,0.265,0.537,52,0.237,46,30,1,3,0,2,0,0.192,0.056,0.008,Royals
17,Hunter Renfroe,33,RF,-1.5,35,108,99,5,18,6,0,0,4,0,0,8,21,0.182,0.241,0.242,0.483,37,0.216,28,24,4,0,0,1,0,0.1944,0.0741,0,Royals
18,Randal Grichuk,33,OF,-0.4,43,105,97,10,20,3,0,2,5,0,0,7,22,0.206,0.267,0.299,0.566,59,0.251,53,29,1,1,0,0,0,0.2095,0.0667,0.019,Royals
19,Cavan Biggio,30,UT,-0.2,37,83,69,9,12,2,0,1,4,1,0,11,21,0.174,0.296,0.246,0.543,55,0.259,56,17,0,1,2,0,0,0.253,0.1325,0.012,Royals
20,MJ Melendez,26,OF,-0.6,23,65,60,5,5,2,0,1,1,0,0,3,23,0.083,0.154,0.167,0.321,-10,0.15,-20,10,0,2,0,0,0,0.3538,0.0462,0.0154,Royals
21,Tyler Tolbert,27,UT,0.2,64,57,50,19,14,2,0,1,6,21,2,1,11,0.28,0.321,0.38,0.701,96,0.392,105,19,1,3,1,2,0,0.193,0.0175,0.0175,Royals
22,Luke Maile,34,C,0,25,54,45,6,11,2,0,1,6,1,0,7,16,0.244,0.346,0.356,0.702,98,0.318,99,16,1,0,2,0,0,0.2963,0.1296,0.0185,Royals
23,Dairon Blanco,32,OF,0,9,8,6,2,1,1,0,0,1,3,2,0,2,0.167,0.167,0.333,0.5,35,0.313,144,2,0,0,2,0,0,0.25,0,0,Royals
1,Logan O'Hoppe,25,C,-0.2,119,451,423,35,90,8,1,19,43,2,1,24,139,0.213,0.258,0.371,0.629,74,0.275,69,157,12,2,1,1,0,0.3082,0.0532,0.0421,Angels
2,Nolan Schanuel,23,1B,1.3,132,564,488,64,129,23,1,12,53,5,1,59,71,0.264,0.353,0.389,0.742,109,0.329,108,190,10,10,3,4,4,0.1259,0.1046,0.0213,Angels
3,Luis Rengifo,28,2B,0.4,147,541,501,55,119,16,3,9,43,10,7,33,104,0.238,0.287,0.335,0.622,74,0.276,72,168,7,3,1,3,0,0.1922,0.061,0.0166,Angels
4,Zach Neto,24,SS,5.1,128,554,502,82,129,29,1,26,62,26,9,33,149,0.257,0.319,0.474,0.793,119,0.341,115,238,5,14,2,3,6,0.269,0.0596,0.0469,Angels
5,Yoán Moncada,30,3B,0.7,84,289,248,39,58,13,2,12,35,0,0,32,75,0.234,0.336,0.448,0.783,118,0.339,116,111,4,7,0,2,1,0.2595,0.1107,0.0415,Angels
6,Taylor Ward,31,LF,2.7,157,663,579,86,132,31,2,36,103,4,1,75,175,0.228,0.317,0.475,0.792,118,0.342,117,275,13,3,0,6,1,0.264,0.1131,0.0543,Angels
7,Jo Adell,26,CF,1.2,152,573,526,63,124,18,1,37,98,5,1,33,151,0.236,0.293,0.485,0.778,113,0.335,112,255,10,10,0,1,0,0.2635,0.0576,0.0646,Angels
8,Jorge Soler,33,RF,-0.5,82,315,279,31,60,12,0,12,34,0,0,28,94,0.215,0.293,0.387,0.68,89,0.303,89,108,5,4,0,3,0,0.2984,0.0889,0.0381,Angels
9,Mike Trout,33,DH,1.5,130,556,456,73,106,14,1,26,64,2,0,87,178,0.232,0.359,0.439,0.797,123,0.341,117,200,7,6,0,6,10,0.3201,0.1565,0.0468,Angels
10,Travis d'Arnaud,36,C,-0.3,69,231,213,16,42,13,0,6,21,0,0,13,74,0.197,0.255,0.343,0.598,66,0.26,58,73,5,4,0,1,0,0.3203,0.0563,0.026,Angels
11,Christian Moore,22,2B,0.1,53,184,162,20,32,5,1,7,16,3,0,19,62,0.198,0.284,0.37,0.655,82,0.289,77,60,3,1,1,1,0,0.337,0.1033,0.038,Angels
12,Bryce Teodosio,26,CF,0.5,50,150,138,12,28,7,2,1,7,7,1,5,47,0.203,0.248,0.304,0.553,54,0.247,42,42,2,4,1,2,0,0.3133,0.0333,0.0067,Angels
13,Kyren Paris,23,UT,0.7,44,140,126,20,24,4,1,6,11,7,1,10,59,0.19,0.266,0.381,0.647,79,0.302,83,48,1,3,0,0,0,0.4214,0.0714,0.0429,Angels
14,Kevin Newman,31,IF,-0.9,56,116,114,13,23,2,0,2,11,1,0,1,23,0.202,0.209,0.272,0.481,34,0.233,37,31,5,0,1,0,0,0.1983,0.0086,0.0172,Angels
15,Oswald Peraza,25,IF,-0.5,35,95,86,6,16,1,0,2,7,6,0,6,33,0.186,0.245,0.267,0.512,44,0.243,34,23,3,1,0,1,0,0.3474,0.0632,0.0211,Angels
16,Tim Anderson,32,MI,0,31,90,83,8,17,3,0,0,3,1,1,3,29,0.205,0.258,0.241,0.499,42,0.223,33,20,1,3,1,0,0,0.3222,0.0333,0,Angels
17,Chris Taylor,34,UT,0,30,90,78,11,14,5,0,2,10,2,1,5,29,0.179,0.278,0.321,0.598,68,0.267,64,25,0,6,0,1,0,0.3222,0.0556,0.0222,Angels
18,LaMonte Wade Jr.,31,RF,-0.5,30,73,65,7,11,0,0,1,3,1,0,6,23,0.169,0.26,0.215,0.476,36,0.227,32,14,0,2,0,0,0,0.3151,0.0822,0.0137,Angels
19,Matthew Lugo,24,OF,-0.5,31,70,69,9,16,2,1,4,9,0,0,0,24,0.232,0.243,0.464,0.707,92,0.295,83,32,3,1,0,0,0,0.3429,0,0.0571,Angels
20,Gustavo Campero,27,RF,-0.3,28,66,58,9,10,1,0,3,8,4,1,5,14,0.172,0.273,0.345,0.618,72,0.282,69,20,2,3,0,0,0,0.2121,0.0758,0.0455,Angels
21,Denzer Guzmán,21,SS,-0.4,13,43,42,4,8,1,0,2,3,0,0,1,22,0.19,0.209,0.357,0.566,55,0.24,43,15,0,0,0,0,0,0.5116,0.0233,0.0465,Angels
22,Sebastián Rivero,26,C,0,11,34,33,4,6,2,0,0,2,1,0,1,9,0.182,0.206,0.242,0.448,26,0.252,47,8,0,0,0,0,0,0.2647,0.0294,0,Angels
23,Scott Kingery,31,UT,-0.5,19,29,27,3,4,1,0,0,0,1,1,2,11,0.148,0.207,0.185,0.392,12,0.167,-3,5,1,0,0,0,0,0.3793,0.069,0,Angels
24,Logan Davidson,27,1B,-0.3,10,23,22,2,4,1,0,1,2,0,0,0,10,0.182,0.182,0.364,0.545,48,0.22,26,8,0,0,1,0,0,0.4348,0,0.0435,Angels
25,Niko Kavadas,26,1B,-0.4,10,23,20,0,2,0,0,0,0,0,0,3,10,0.1,0.217,0.1,0.317,-6,0.167,-10,2,0,0,0,0,0,0.4348,0.1304,0,Angels
26,Chad Stevens,26,IF,-0.2,5,14,13,1,2,0,0,0,0,0,1,0,7,0.154,0.154,0.154,0.308,-13,0.099,-41,2,0,0,1,0,0,0.5,0,0,Angels
27,J.D. Davis,32,CI,-0.2,5,9,9,0,1,0,0,0,0,0,0,0,3,0.111,0.111,0.111,0.222,-37,0.099,-59,1,0,0,0,0,0,0.3333,0,0,Angels
28,Carter Kieboom,27,1B,-0.3,3,8,8,0,2,0,0,0,1,0,0,0,1,0.25,0.25,0.25,0.5,41,0.222,30,2,0,0,0,0,0,0.125,0,0,Angels
29,Nicky Lopez,30,UT,-0.2,4,6,6,0,0,0,0,0,0,0,0,0,1,0,0,0,0,-100,0,-131,0,0,0,0,0,0,0.1667,0,0,Angels
1,Will Smith,30,C,4.5,110,436,362,64,107,20,1,17,61,2,3,64,89,0.296,0.404,0.497,0.901,153,0.387,151,180,7,5,0,5,1,0.2041,0.1468,0.039,Dodgers
2,Freddie Freeman,35,1B,3.5,147,627,556,81,164,39,2,24,90,6,2,60,128,0.295,0.367,0.502,0.869,143,0.376,141,279,13,6,0,5,7,0.2041,0.0957,0.0383,Dodgers
3,Tommy Edman,30,2B,1.1,97,377,346,49,78,13,1,13,49,3,1,19,61,0.225,0.274,0.382,0.655,83,0.302,88,132,4,6,1,5,0,0.1618,0.0504,0.0345,Dodgers
4,Mookie Betts,32,SS,4.9,150,663,589,95,152,23,2,20,82,8,2,61,68,0.258,0.326,0.406,0.732,105,0.322,102,239,15,3,0,10,2,0.1026,0.092,0.0302,Dodgers
5,Max Muncy,34,3B,3.6,100,388,313,48,76,10,2,19,67,4,0,64,83,0.243,0.376,0.47,0.846,137,0.37,136,147,4,6,0,5,2,0.2139,0.1649,0.049,Dodgers
6,Michael Conforto,32,LF,-0.7,138,486,418,54,83,20,0,12,36,1,0,56,121,0.199,0.305,0.333,0.637,80,0.289,79,139,12,9,0,3,0,0.249,0.1152,0.0247,Dodgers
7,Andy Pages,24,CF,3.8,156,624,581,74,158,27,1,27,86,14,7,29,135,0.272,0.313,0.461,0.774,115,0.338,115,268,9,8,0,6,0,0.2163,0.0465,0.0433,Dodgers
8,Teoscar Hernández,32,RF,1.5,134,546,511,65,126,29,1,25,89,5,2,26,134,0.247,0.284,0.454,0.738,104,0.318,100,232,13,3,0,5,0,0.2454,0.0476,0.0458,Dodgers
9,Shohei Ohtani,30,DH,6.6,158,727,611,146,172,25,9,55,102,20,6,109,187,0.282,0.392,0.622,1.014,181,0.423,175,380,9,3,0,2,20,0.2572,0.1499,0.0757,Dodgers
10,Miguel Rojas,36,IF,2.1,114,317,290,35,76,18,0,7,27,5,0,24,46,0.262,0.318,0.397,0.715,101,0.319,98,115,7,0,3,0,1,0.1451,0.0757,0.0221,Dodgers
11,Kiké Hernández,33,UT,0.2,92,256,232,30,47,8,0,10,35,0,0,18,68,0.203,0.255,0.366,0.621,73,0.276,71,85,7,0,1,5,0,0.2656,0.0703,0.0391,Dodgers
12,Hyeseong Kim,26,2B,1.7,71,170,161,19,45,6,1,3,17,13,1,7,52,0.28,0.314,0.385,0.699,96,0.335,102,62,0,1,1,0,0,0.3059,0.0412,0.0176,Dodgers
13,Dalton Rushing,24,C,0.2,53,155,142,15,29,5,0,4,24,0,0,10,58,0.204,0.258,0.324,0.582,63,0.263,61,46,1,1,0,2,0,0.3742,0.0645,0.0258,Dodgers
14,Alex Freeland,23,IF,0.2,29,97,84,10,16,2,1,2,6,1,0,11,35,0.19,0.292,0.31,0.601,70,0.276,68,26,3,1,1,0,0,0.3608,0.1134,0.0206,Dodgers
15,Alex Call,30,OF,0.4,38,85,73,13,18,4,0,2,5,1,0,10,19,0.247,0.333,0.384,0.717,102,0.321,100,28,1,0,1,1,0,0.2235,0.1176,0.0235,Dodgers
16,Ben Rortvedt,27,C,0.1,18,58,49,7,11,2,0,1,4,0,0,4,9,0.224,0.309,0.327,0.636,80,0.289,78,16,1,2,3,0,0,0.1552,0.069,0.0172,Dodgers
17,Austin Barnes,35,C,-0.3,13,44,42,4,9,3,0,0,2,0,0,1,14,0.214,0.233,0.286,0.518,46,0.227,34,12,1,0,1,0,0,0.3182,0.0227,0,Dodgers
18,James Outman,28,CF,-0.2,22,44,39,8,4,1,0,2,4,0,0,4,18,0.103,0.205,0.282,0.487,36,0.221,31,11,0,1,0,0,0,0.4091,0.0909,0.0455,Dodgers
19,Chris Taylor,34,UT,-0.6,28,35,35,4,7,2,0,0,2,0,1,0,13,0.2,0.2,0.257,0.457,28,0.18,13,9,1,0,0,0,0,0.3714,0,0,Dodgers
20,Esteury Ruiz,26,OF,-0.2,19,23,21,2,4,0,0,1,2,4,0,2,8,0.19,0.261,0.333,0.594,67,0.304,61,7,0,0,0,0,0,0.3478,0.087,0.0435,Dodgers
21,Buddy Kennedy,26,3B,-0.3,7,18,17,1,1,0,0,0,1,0,0,0,5,0.059,0.111,0.059,0.17,-50,0.135,-29,1,0,1,0,0,0,0.2778,0,0,Dodgers
22,Eddie Rosario,33,DH,0,2,4,4,0,1,0,0,0,0,0,0,0,0,0.25,0.25,0.25,0.5,42,0.225,36,1,0,0,0,0,0,0,0,0,Dodgers
23,Hunter Feduccia,28,1B,0,2,3,2,0,0,0,0,0,0,0,0,1,1,0,0.333,0,0.333,6,0.232,40,0,0,0,0,0,0,0.3333,0.3333,0,Dodgers
24,Chuckie Robinson,30,C,0,1,2,1,1,0,0,0,0,0,0,0,0,0,0,0,0,0,-100,0,-333,0,0,0,1,0,0,0,0,0,Dodgers
25,Justin Dean,28,CF,0,18,2,2,0,0,0,0,0,0,1,0,0,1,0,0,0,0,-100,0.122,-126,0,0,0,0,0,0,0.5,0,0,Dodgers
1,Agustín Ramírez,23,C,-0.4,136,585,537,72,124,33,1,21,67,16,3,36,113,0.231,0.287,0.413,0.701,93,0.31,89,222,13,8,0,4,2,0.1932,0.0615,0.0359,Marlins
2,Eric Wagaman,27,1B,-0.4,140,514,476,56,119,28,3,9,53,4,1,32,100,0.25,0.296,0.378,0.674,87,0.303,86,180,11,1,0,5,0,0.1946,0.0623,0.0175,Marlins
3,Xavier Edwards,25,2B,3.2,139,619,561,75,159,20,5,3,43,27,7,49,88,0.283,0.343,0.353,0.695,96,0.317,93,198,6,3,3,3,2,0.1422,0.0792,0.0048,Marlins
4,Otto Lopez,26,SS,3.5,143,594,544,66,134,21,0,15,77,15,6,44,82,0.246,0.305,0.368,0.672,87,0.307,89,200,9,3,0,3,2,0.138,0.0741,0.0253,Marlins
5,Connor Norby,25,3B,0.7,88,337,311,42,78,17,1,8,34,8,2,18,90,0.251,0.3,0.389,0.689,91,0.317,95,121,3,5,0,3,0,0.2671,0.0534,0.0237,Marlins
6,Kyle Stowers,27,LF,3.6,117,457,399,61,115,21,3,25,73,5,1,48,125,0.288,0.368,0.544,0.912,151,0.391,148,217,6,5,1,4,3,0.2735,0.105,0.0547,Marlins
7,Dane Myers,29,CF,-0.1,106,333,307,29,72,10,0,6,31,18,5,23,77,0.235,0.291,0.326,0.617,73,0.284,69,100,12,2,0,1,0,0.2312,0.0691,0.018,Marlins
8,Jesús Sánchez,27,RF,1.1,86,337,305,40,78,12,4,10,36,9,2,29,70,0.256,0.32,0.42,0.74,105,0.328,102,128,8,1,0,2,1,0.2077,0.0861,0.0297,Marlins
9,Heriberto Hernández,25,DH,0.9,87,294,256,40,68,12,1,10,45,1,1,31,77,0.266,0.347,0.438,0.784,118,0.344,116,112,6,3,0,4,0,0.2619,0.1054,0.034,Marlins
10,Liam Hicks,26,UT,1.3,119,390,332,37,82,13,1,6,45,2,0,43,56,0.247,0.346,0.346,0.693,95,0.32,98,115,5,9,3,3,0,0.1436,0.1103,0.0154,Marlins
11,Javier Sanoja,22,UT,1.5,118,342,313,40,76,22,4,6,38,6,5,19,41,0.243,0.287,0.396,0.683,89,0.307,92,124,2,2,4,4,0,0.1199,0.0556,0.0175,Marlins
12,Jakob Marsee,24,CF,1.9,55,234,209,28,61,18,3,5,33,14,6,22,48,0.292,0.363,0.478,0.842,134,0.365,130,100,2,2,0,1,0,0.2051,0.094,0.0214,Marlins
13,Graham Pauley,24,3B,0.7,62,184,161,18,36,9,1,4,11,2,0,21,36,0.224,0.311,0.366,0.678,89,0.303,85,59,1,0,1,1,0,0.1957,0.1141,0.0217,Marlins
14,Nick Fortes,28,C,0.4,59,141,129,11,31,6,1,2,10,0,0,7,22,0.24,0.288,0.349,0.637,77,0.278,69,45,4,2,2,1,0,0.156,0.0496,0.0142,Marlins
15,Derek Hill,29,CF,0.8,53,141,127,19,27,6,0,3,10,7,0,9,46,0.213,0.275,0.331,0.606,69,0.285,64,42,3,2,3,0,0,0.3262,0.0638,0.0213,Marlins
16,Matt Mervis,27,1B,-0.7,42,134,120,15,21,4,0,7,14,0,0,11,50,0.175,0.254,0.383,0.637,75,0.288,76,46,1,2,0,1,1,0.3731,0.0821,0.0522,Marlins
17,Troy Johnston,28,UT,0.3,44,121,112,12,31,2,1,4,13,2,2,8,26,0.277,0.331,0.42,0.75,109,0.333,111,47,1,1,0,0,0,0.2149,0.0661,0.0331,Marlins
18,Griffin Conine,27,OF,0.1,24,86,79,13,20,7,0,2,8,0,1,7,25,0.253,0.314,0.418,0.732,103,0.325,107,33,0,0,0,0,0,0.2907,0.0814,0.0233,Marlins
19,Joey Wiemer,26,RF,0.4,27,61,55,7,13,2,0,3,12,0,0,2,23,0.236,0.279,0.436,0.715,96,0.297,82,24,0,2,0,2,1,0.377,0.0328,0.0492,Marlins
20,Maximo Acosta,22,IF,0,19,61,54,7,11,1,0,3,5,1,2,6,17,0.204,0.295,0.389,0.684,90,0.305,97,21,0,1,0,0,0,0.2787,0.0984,0.0492,Marlins
21,Ronny Simón,25,UT,-0.7,19,56,47,6,11,2,0,0,5,0,0,7,7,0.234,0.327,0.277,0.604,72,0.295,80,13,1,0,1,1,0,0.125,0.125,0,Marlins
22,Jonah Bride,29,CI,-0.4,12,45,40,3,4,0,0,0,2,0,0,5,15,0.1,0.2,0.1,0.3,-12,0.161,-16,4,0,0,0,0,1,0.3333,0.1111,0,Marlins
23,Víctor Mesa Jr.,23,OF,0.1,16,38,32,7,6,2,0,1,6,0,0,5,5,0.188,0.297,0.344,0.641,79,0.287,74,11,0,0,1,0,0,0.1316,0.1316,0.0263,Marlins
24,Jack Winkler,26,IF,-0.2,14,16,16,2,4,2,0,0,0,1,0,0,4,0.25,0.25,0.375,0.625,72,0.284,63,6,0,0,0,0,0,0.25,0,0,Marlins
25,Brian Navarreto,30,C,0.2,8,15,14,3,4,2,0,1,5,0,0,0,3,0.286,0.267,0.643,0.91,144,0.362,128,9,0,0,0,1,0,0.2,0,0.0667,Marlins
26,Rob Brantly,35,C,0,3,7,7,0,3,0,0,0,1,0,0,0,1,0.429,0.429,0.429,0.857,142,0.372,136,3,0,0,0,0,0,0.1429,0,0,Marlins
1,William Contreras,27,C,3.9,150,659,566,89,147,28,0,17,76,6,4,84,120,0.26,0.355,0.399,0.754,111,0.342,117,226,14,3,0,6,4,0.1821,0.1275,0.0258,Brewers
2,Rhys Hoskins,32,1B,0.9,90,328,279,30,66,12,1,12,43,2,1,38,91,0.237,0.332,0.416,0.748,108,0.331,108,116,6,5,0,6,2,0.2774,0.1159,0.0366,Brewers
3,Brice Turang,25,2B,5.6,156,659,584,97,168,28,2,18,81,24,8,66,150,0.288,0.359,0.435,0.794,121,0.355,123,254,3,2,2,5,1,0.2276,0.1002,0.0273,Brewers
4,Joey Ortiz,26,SS,0.3,149,506,470,62,108,18,1,7,45,14,3,27,74,0.23,0.276,0.317,0.593,66,0.27,62,149,10,3,6,0,0,0.1462,0.0534,0.0138,Brewers
5,Caleb Durbin,25,3B,2.8,136,506,445,60,114,25,0,11,53,18,6,30,50,0.256,0.334,0.387,0.721,101,0.33,106,172,10,24,3,4,0,0.0988,0.0593,0.0217,Brewers
6,Isaac Collins,27,LF,2,130,441,372,56,98,22,3,9,54,16,7,57,93,0.263,0.368,0.411,0.779,118,0.354,125,153,8,6,3,3,0,0.2109,0.1293,0.0204,Brewers
7,Jackson Chourio,21,CF,2.2,131,589,549,88,148,35,4,21,78,21,7,30,121,0.27,0.308,0.463,0.77,112,0.339,112,254,13,3,1,6,1,0.2054,0.0509,0.0357,Brewers
8,Sal Frelick,25,RF,3,142,594,528,76,152,20,3,12,63,19,6,47,80,0.288,0.351,0.405,0.756,111,0.335,110,214,4,7,3,5,0,0.1347,0.0791,0.0202,Brewers
9,Christian Yelich,33,DH,3.1,150,644,573,88,151,21,0,29,103,16,6,64,167,0.264,0.343,0.452,0.795,121,0.35,121,259,6,6,0,1,6,0.2593,0.0994,0.045,Brewers
10,Andrew Vaughn,27,1B,1.3,64,254,221,26,68,14,0,9,46,0,0,24,37,0.308,0.375,0.493,0.869,141,0.374,139,109,8,3,1,5,0,0.1457,0.0945,0.0354,Brewers
11,Jake Bauers,29,UT,0.7,85,218,183,28,43,9,0,7,28,8,1,32,59,0.235,0.353,0.399,0.752,111,0.34,111,73,1,2,0,1,1,0.2706,0.1468,0.0321,Brewers
12,Blake Perkins,28,CF,0.3,54,171,155,25,35,6,2,3,19,7,2,15,47,0.226,0.298,0.348,0.647,81,0.296,81,54,4,1,0,0,0,0.2749,0.0877,0.0175,Brewers
13,Andruw Monasterio,28,SS,0.8,68,135,126,19,34,9,0,4,16,2,1,7,32,0.27,0.319,0.437,0.755,109,0.333,110,55,1,2,0,0,0,0.237,0.0519,0.0296,Brewers
14,Danny Jansen,30,C,0.7,25,78,67,10,17,3,0,3,7,0,0,9,18,0.254,0.346,0.433,0.779,117,0.352,123,29,1,1,0,1,0,0.2308,0.1154,0.0385,Brewers
15,Garrett Mitchell,26,CF,0,25,78,68,9,14,4,1,0,3,3,0,7,25,0.206,0.286,0.294,0.58,63,0.269,58,20,0,1,1,1,0,0.3205,0.0897,0,Brewers
16,Eric Haase,32,C,0.2,30,77,70,11,16,3,0,2,9,0,0,4,31,0.229,0.289,0.357,0.647,80,0.285,76,25,1,2,1,0,0,0.4026,0.0519,0.026,Brewers
17,Anthony Seigler,26,3B,-0.1,34,73,62,6,12,1,0,0,5,2,0,8,16,0.194,0.292,0.21,0.501,44,0.248,44,13,2,1,1,1,0,0.2192,0.1096,0,Brewers
18,Vinny Capra,28,3B,-0.6,24,59,54,6,4,0,0,1,4,1,0,2,15,0.074,0.121,0.13,0.25,-30,0.154,-22,7,4,1,1,1,0,0.2542,0.0339,0.0169,Brewers
19,Brandon Lockridge,28,OF,0.4,20,53,46,8,12,3,1,0,6,2,0,4,12,0.261,0.308,0.37,0.677,89,0.3,80,17,0,0,1,2,0,0.2264,0.0755,0,Brewers
20,Daz Cameron,28,OF,-0.5,21,42,41,7,8,1,0,1,3,1,0,1,13,0.195,0.214,0.293,0.507,40,0.229,32,12,1,0,0,0,0,0.3095,0.0238,0.0238,Brewers
21,Oliver Dunn,27,3B,-0.2,14,41,36,4,6,2,0,0,6,1,0,2,11,0.167,0.205,0.222,0.427,20,0.196,4,8,0,0,2,1,0,0.2683,0.0488,0,Brewers
22,Tyler Black,24,UT,0.1,5,13,8,1,2,1,0,0,1,0,1,5,1,0.25,0.538,0.375,0.913,163,0.395,181,3,0,0,0,0,0,0.0769,0.3846,0,Brewers
23,Steward Berroa,26,CF,0.2,2,6,5,0,0,0,0,0,0,1,0,1,2,0,0.167,0,0.167,-47,0.308,64,0,0,0,0,0,0,0.3333,0.1667,0,Brewers
24,Drew Avans,29,LF,-0.1,1,3,2,0,0,0,0,0,1,0,0,0,1,0,0,0,0,-100,0,-126,0,0,0,0,1,0,0.3333,0,0,Brewers
1,Ryan Jeffers,28,C,1.2,119,464,406,47,108,26,0,9,47,1,1,50,91,0.266,0.356,0.397,0.752,109,0.332,109,161,9,7,0,1,1,0.1961,0.1078,0.0194,Twins
2,Ty France,30,1B,0.8,101,387,350,41,88,19,0,6,44,1,0,19,63,0.251,0.32,0.357,0.678,88,0.309,91,125,8,17,0,1,0,0.1628,0.0491,0.0155,Twins
3,Luke Keaschall,22,2B,2,49,207,182,25,55,14,0,4,28,14,3,19,29,0.302,0.382,0.445,0.827,129,0.377,135,81,4,5,0,1,0,0.1401,0.0918,0.0193,Twins
4,Carlos Correa,30,SS,0.1,93,364,337,40,90,19,0,7,31,0,0,26,68,0.267,0.319,0.386,0.704,94,0.308,91,130,12,0,0,1,0,0.1868,0.0714,0.0192,Twins
5,Royce Lewis,26,3B,0.6,106,403,376,36,89,18,0,13,52,12,2,25,80,0.237,0.283,0.388,0.671,84,0.303,85,146,7,0,0,2,0,0.1985,0.062,0.0323,Twins
6,Harrison Bader,31,LF,2.7,96,307,271,31,70,13,0,12,38,10,4,27,81,0.258,0.339,0.439,0.778,114,0.34,113,119,3,7,0,2,0,0.2638,0.0879,0.0391,Twins
7,Byron Buxton,31,CF,4.9,126,542,488,97,129,21,7,35,83,24,0,41,148,0.264,0.327,0.551,0.878,137,0.383,139,269,0,7,0,6,5,0.2731,0.0756,0.0646,Twins
8,Matt Wallner,27,RF,0.6,104,392,336,47,68,16,3,22,40,4,3,46,114,0.202,0.311,0.464,0.776,111,0.337,113,156,3,8,0,2,0,0.2908,0.1173,0.0561,Twins
9,Trevor Larnach,28,DH,0.1,142,567,503,62,126,24,1,17,60,4,4,53,122,0.25,0.323,0.404,0.727,100,0.323,103,203,19,4,0,6,2,0.2152,0.0935,0.03,Twins
10,Brooks Lee,24,IF,-0.8,139,527,487,50,115,15,1,16,64,3,1,31,92,0.236,0.285,0.37,0.654,80,0.289,77,180,11,4,0,5,0,0.1746,0.0588,0.0304,Twins
11,Kody Clemens,29,IF,1.2,112,379,342,46,74,12,4,19,52,5,1,28,93,0.216,0.284,0.442,0.725,97,0.31,91,151,4,5,2,2,1,0.2454,0.0739,0.0501,Twins
12,Willi Castro,28,UT,0.3,86,344,302,48,74,15,2,10,27,9,3,32,84,0.245,0.335,0.407,0.743,105,0.326,103,123,9,9,1,0,1,0.2442,0.093,0.0291,Twins
13,Christian Vázquez,34,C,0.6,65,214,190,14,36,7,0,3,14,1,1,18,35,0.189,0.271,0.274,0.545,52,0.259,56,52,3,4,0,2,0,0.1636,0.0841,0.014,Twins
14,Edouard Julien,26,IF,-0.8,64,208,182,13,40,10,0,3,12,0,3,22,61,0.22,0.309,0.324,0.633,76,0.274,72,59,3,2,1,1,0,0.2933,0.1058,0.0144,Twins
15,Austin Martin,26,LF,0.7,50,181,156,22,44,8,1,1,7,11,4,22,31,0.282,0.374,0.365,0.74,107,0.333,107,57,6,1,2,0,0,0.1713,0.1215,0.0055,Twins
16,Mickey Gasper,29,C,-0.3,45,110,95,15,15,1,0,2,11,2,0,10,20,0.158,0.257,0.232,0.488,37,0.248,44,22,1,3,1,1,0,0.1818,0.0909,0.0182,Twins
17,James Outman,28,OF,-0.8,37,104,95,11,14,4,1,4,7,1,0,8,45,0.147,0.221,0.337,0.558,52,0.26,55,32,0,1,0,0,0,0.4327,0.0769,0.0385,Twins
18,DaShawn Keirsey Jr.,28,OF,-1.2,74,88,84,11,9,0,0,2,6,10,3,2,33,0.107,0.138,0.179,0.317,-13,0.162,-24,15,1,1,1,0,0,0.375,0.0227,0.0227,Twins
19,Jonah Bride,29,3B,-0.3,33,80,72,4,15,2,0,0,3,0,0,6,24,0.208,0.275,0.236,0.511,44,0.257,54,17,1,1,0,1,0,0.3,0.075,0,Twins
20,Ryan Fitzgerald,31,IF,0.2,24,53,46,10,9,0,0,4,9,1,0,7,8,0.196,0.302,0.457,0.758,106,0.331,105,21,0,0,0,0,0,0.1509,0.1321,0.0755,Twins
21,Alan Roden,25,OF,-0.5,12,40,38,5,6,1,0,1,1,1,0,0,13,0.158,0.2,0.263,0.463,27,0.212,17,10,0,2,0,0,0,0.325,0,0.025,Twins
22,José Miranda,27,3B,-0.3,12,36,36,2,6,0,0,1,5,0,0,0,13,0.167,0.167,0.25,0.417,13,0.177,-4,9,0,0,0,0,0,0.3611,0,0.0278,Twins
23,Jhonny Pereda,29,C,0.4,11,32,29,1,10,4,0,0,1,0,0,2,8,0.345,0.387,0.483,0.87,140,0.367,135,14,1,0,1,0,0,0.25,0.0625,0,Twins
24,Carson McCusker,27,RF,-0.6,16,30,29,0,5,0,0,0,1,0,1,1,16,0.172,0.2,0.172,0.372,5,0.151,-11,5,0,0,0,0,0,0.5333,0.0333,0,Twins
1,Luis Torrens,29,C,1.4,92,283,261,20,59,14,1,5,29,1,0,19,56,0.226,0.284,0.345,0.629,78,0.283,78,90,7,2,1,0,0,0.1979,0.0671,0.0177,Mets
2,Pete Alonso,30,1B,3.4,162,709,624,87,170,41,1,38,126,1,2,61,162,0.272,0.347,0.524,0.871,144,0.371,142,327,23,15,0,9,5,0.2285,0.086,0.0536,Mets
3,Jeff McNeil,33,2B,2,122,462,399,42,97,21,5,12,54,3,0,49,55,0.243,0.335,0.411,0.746,111,0.333,113,164,5,8,2,4,4,0.119,0.1061,0.026,Mets
4,Francisco Lindor,31,SS,5.9,160,732,644,117,172,35,0,31,86,31,6,65,131,0.267,0.346,0.466,0.811,129,0.359,128,300,9,16,0,7,2,0.179,0.0888,0.0423,Mets
5,Brett Baty,25,3B,3.1,130,432,393,53,100,13,2,18,50,8,0,33,108,0.254,0.313,0.435,0.748,111,0.336,113,171,6,2,0,3,0,0.25,0.0764,0.0417,Mets
6,Brandon Nimmo,32,LF,2.9,155,652,587,81,154,27,0,25,92,13,1,50,141,0.262,0.324,0.436,0.76,114,0.335,113,256,8,7,1,7,1,0.2163,0.0767,0.0383,Mets
7,Tyrone Taylor,31,CF,1,113,341,310,34,69,18,3,2,27,12,2,16,76,0.223,0.279,0.319,0.598,70,0.276,70,99,4,9,3,2,1,0.2229,0.0469,0.0059,Mets
8,Juan Soto,26,RF,6.2,160,715,577,120,152,20,1,43,105,38,4,127,137,0.263,0.396,0.525,0.921,160,0.41,163,303,17,3,1,6,13,0.1916,0.1776,0.0601,Mets
9,Starling Marte,36,DH,1,98,329,293,37,79,14,0,9,34,7,2,22,68,0.27,0.335,0.41,0.745,111,0.331,112,120,7,9,1,4,0,0.2067,0.0669,0.0274,Mets
10,Mark Vientos,25,3B,-0.2,121,463,424,44,99,21,2,17,61,1,0,30,115,0.233,0.289,0.413,0.702,97,0.31,98,175,11,5,0,4,0,0.2484,0.0648,0.0367,Mets
11,Francisco Alvarez,23,C,1.9,76,277,246,32,63,12,1,11,32,0,0,27,73,0.256,0.339,0.447,0.787,122,0.35,126,110,6,4,0,0,0,0.2635,0.0975,0.0397,Mets
12,Luisangel Acuña,23,2B,0.6,95,193,175,30,41,7,0,0,8,16,1,13,37,0.234,0.293,0.274,0.567,63,0.273,59,48,6,2,2,1,0,0.1917,0.0674,0,Mets
13,Ronny Mauricio,24,3B,0.7,61,184,168,19,38,6,0,6,10,4,0,15,54,0.226,0.293,0.369,0.663,88,0.303,89,62,5,1,0,0,1,0.2935,0.0815,0.0326,Mets
14,Cedric Mullins,30,CF,0.5,42,143,121,16,22,4,1,2,10,8,0,16,35,0.182,0.284,0.281,0.565,62,0.287,71,34,0,2,2,2,0,0.2448,0.1119,0.014,Mets
15,Jesse Winker,31,DH,0,26,81,70,8,16,5,2,1,10,1,0,9,21,0.229,0.309,0.4,0.709,100,0.305,92,28,1,0,0,2,1,0.2593,0.1111,0.0123,Mets
16,Hayden Senger,28,C,-0.2,33,78,72,8,13,1,0,0,4,0,0,3,22,0.181,0.221,0.194,0.415,20,0.19,11,14,3,1,1,1,0,0.2821,0.0385,0,Mets
17,Jared Young,29,DH,0.1,22,47,43,5,8,1,0,4,6,0,0,2,16,0.186,0.234,0.488,0.722,99,0.302,92,21,1,1,0,1,0,0.3404,0.0426,0.0851,Mets
18,Jose Siri,29,CF,-0.5,16,36,32,7,2,2,0,0,1,2,0,4,17,0.063,0.167,0.125,0.292,-15,0.16,-17,4,0,0,0,0,0,0.4722,0.1111,0,Mets
19,José Azócar,29,OF,0,12,20,18,5,5,0,0,0,1,1,0,2,1,0.278,0.35,0.278,0.628,83,0.302,84,5,0,0,0,0,0,0.05,0.1,0,Mets
1,Austin Wells,25,C,0.1,126,448,401,51,88,22,1,21,71,5,1,30,118,0.219,0.275,0.436,0.712,95,0.305,92,175,10,5,0,11,0,0.2634,0.067,0.0469,Yankees
2,Paul Goldschmidt,37,1B,1.2,146,534,489,76,134,31,1,10,45,5,1,36,100,0.274,0.328,0.403,0.731,103,0.321,104,197,8,4,0,2,5,0.1873,0.0674,0.0187,Yankees
3,Jazz Chisholm Jr.,27,2B,4.2,130,531,462,75,112,15,1,31,80,31,8,58,148,0.242,0.332,0.481,0.813,124,0.357,127,222,3,6,1,4,1,0.2787,0.1092,0.0584,Yankees
4,Anthony Volpe,24,SS,1.6,153,596,539,65,114,32,4,19,72,18,8,43,150,0.212,0.272,0.391,0.663,82,0.287,80,211,10,4,3,7,0,0.2517,0.0721,0.0319,Yankees
5,Ryan McMahon,30,3B,1.1,54,185,159,20,33,8,0,4,18,1,0,21,62,0.208,0.308,0.333,0.641,80,0.287,79,53,3,3,0,2,0,0.3351,0.1135,0.0216,Yankees
6,Jasson Domínguez,22,LF,0.5,123,429,381,58,98,18,1,10,47,23,5,41,115,0.257,0.331,0.388,0.719,101,0.324,102,148,5,3,0,4,1,0.2681,0.0956,0.0233,Yankees
7,Trent Grisham,28,CF,3.5,143,581,494,87,116,9,1,34,74,3,2,82,137,0.235,0.348,0.464,0.811,124,0.363,135,229,7,4,0,1,0,0.2358,0.1411,0.0585,Yankees
8,Aaron Judge,33,RF,9.7,152,679,541,137,179,30,2,53,114,12,5,124,160,0.331,0.457,0.688,1.144,214,0.461,212,372,16,7,0,7,36,0.2356,0.1826,0.0781,Yankees
9,Ben Rice,26,DH,2.3,138,530,467,74,119,28,4,26,65,3,2,50,100,0.255,0.337,0.499,0.836,130,0.355,130,233,18,9,0,2,0,0.1887,0.0943,0.0491,Yankees
10,Cody Bellinger,29,OF,5.1,152,656,588,89,160,25,5,29,98,13,2,57,90,0.272,0.334,0.48,0.813,124,0.349,123,282,8,2,0,9,1,0.1372,0.0869,0.0442,Yankees
11,Giancarlo Stanton,35,DH,1.9,77,281,249,36,68,8,0,24,66,0,0,29,96,0.273,0.35,0.594,0.944,157,0.398,162,148,5,1,0,1,3,0.3416,0.1032,0.0854,Yankees
12,Oswald Peraza,25,3B,-0.2,71,170,158,18,24,5,0,3,13,3,0,11,47,0.152,0.212,0.241,0.452,26,0.214,24,38,3,1,0,0,0,0.2765,0.0647,0.0176,Yankees
13,DJ LeMahieu,36,2B,0.6,45,142,128,13,34,3,0,2,12,0,0,14,35,0.266,0.338,0.336,0.674,90,0.307,95,43,4,0,0,0,0,0.2465,0.0986,0.0141,Yankees
14,Oswaldo Cabrera,26,3B,0.4,34,122,107,17,26,4,0,1,11,0,1,11,25,0.243,0.322,0.308,0.631,78,0.302,93,33,1,2,1,1,0,0.2049,0.0902,0.0082,Yankees
15,J.C. Escarra,30,C,0.1,40,98,84,5,17,5,0,2,11,1,0,11,14,0.202,0.296,0.333,0.629,76,0.291,81,28,1,1,0,2,0,0.1429,0.1122,0.0204,Yankees
16,José Caballero,28,UT,1.2,40,95,79,15,21,6,0,3,9,15,3,14,18,0.266,0.372,0.456,0.828,130,0.396,144,36,0,0,1,1,0,0.1895,0.1474,0.0316,Yankees
17,Jorbit Vivas,24,IF,-0.3,29,66,56,6,9,2,0,1,5,0,0,5,13,0.161,0.266,0.25,0.516,46,0.241,44,14,0,3,0,0,0,0.197,0.0758,0.0152,Yankees
18,Pablo Reyes,31,UT,-0.5,24,34,31,4,6,1,0,0,2,1,0,2,10,0.194,0.242,0.226,0.468,33,0.221,24,7,0,0,1,0,0,0.2941,0.0588,0,Yankees
19,Amed Rosario,29,UT,0,16,33,33,1,10,3,0,1,5,0,0,0,9,0.303,0.303,0.485,0.788,115,0.335,115,16,1,0,0,0,0,0.2727,0,0.0303,Yankees
20,Austin Slater,32,OF,-0.4,14,25,25,2,3,0,0,0,2,0,0,0,16,0.12,0.12,0.12,0.24,-32,0.142,-25,3,1,0,0,0,0,0.64,0,0,Yankees
1,J.T. Realmuto,34,C,2.5,134,550,502,57,129,26,1,12,52,8,2,35,129,0.257,0.315,0.384,0.7,92,0.312,89,193,13,9,0,3,1,0.2345,0.0636,0.0218,Phillies
2,Bryce Harper,32,1B,3.1,132,580,501,72,131,32,0,27,75,12,2,70,121,0.261,0.357,0.487,0.844,130,0.367,127,244,5,6,0,3,6,0.2086,0.1207,0.0466,Phillies
3,Bryson Stott,27,2B,2.2,147,560,499,66,128,22,3,13,66,24,5,54,91,0.257,0.328,0.391,0.719,97,0.324,95,195,4,1,2,4,1,0.1625,0.0964,0.0232,Phillies
4,Trea Turner,32,SS,5.4,141,639,589,94,179,31,7,15,69,36,7,43,107,0.304,0.355,0.457,0.812,122,0.368,124,269,11,5,0,2,1,0.1674,0.0673,0.0235,Phillies
5,Alec Bohm,28,3B,1.5,120,504,464,53,133,18,3,11,59,2,0,29,82,0.287,0.331,0.409,0.741,103,0.334,105,190,16,5,0,6,0,0.1627,0.0575,0.0218,Phillies
6,Max Kepler,32,LF,0.1,127,474,417,58,90,19,0,18,52,3,0,48,93,0.216,0.3,0.391,0.691,89,0.303,83,163,10,4,1,4,3,0.1962,0.1013,0.038,Phillies
7,Brandon Marsh,27,CF,1.7,133,425,379,59,106,25,2,11,43,7,1,38,110,0.28,0.342,0.443,0.785,114,0.346,112,168,2,0,3,4,1,0.2588,0.0894,0.0259,Phillies
8,Nick Castellanos,33,RF,-0.8,147,589,547,72,137,27,2,17,72,4,0,32,133,0.25,0.294,0.4,0.694,89,0.309,87,219,13,4,0,6,0,0.2258,0.0543,0.0289,Phillies
9,Kyle Schwarber,32,DH,4.6,162,724,604,111,145,23,2,56,132,10,2,108,197,0.24,0.365,0.563,0.928,151,0.396,149,340,4,11,0,1,6,0.2721,0.1492,0.0773,Phillies
10,Edmundo Sosa,29,IF,2.3,89,261,243,30,67,12,1,11,39,1,1,10,56,0.276,0.307,0.469,0.777,110,0.337,109,114,7,2,3,2,0,0.2146,0.0383,0.0421,Phillies
11,Otto Kemp,25,CI,-0.2,62,218,197,26,46,11,0,8,28,2,2,12,67,0.234,0.298,0.411,0.709,93,0.314,93,81,4,7,0,2,0,0.3073,0.055,0.0367,Phillies
12,Harrison Bader,31,CF,1.3,50,194,177,30,54,11,1,5,16,1,3,12,55,0.305,0.361,0.463,0.824,125,0.351,122,82,2,4,0,1,0,0.2835,0.0619,0.0258,Phillies
13,Johan Rojas,24,CF,0.5,71,172,152,23,34,3,2,1,18,12,2,13,40,0.224,0.28,0.289,0.569,58,0.271,53,44,2,0,4,3,0,0.2326,0.0756,0.0058,Phillies
14,Weston Wilson,30,LF,-0.5,52,125,111,15,22,4,0,5,17,2,3,12,34,0.198,0.282,0.369,0.652,78,0.289,80,41,1,1,1,0,0,0.272,0.096,0.04,Phillies
15,Rafael Marchán,26,C,0.2,42,118,105,9,22,4,0,2,13,0,0,10,17,0.21,0.282,0.305,0.587,62,0.266,57,32,1,1,1,1,0,0.1441,0.0847,0.0169,Phillies
16,Donovan Walton,31,2B,-0.1,2,9,8,1,1,0,0,0,1,0,0,0,1,0.125,0.125,0.125,0.25,-31,0.113,-70,1,0,0,1,0,0,0.1111,0,0,Phillies
17,Buddy Kennedy,26,CI,-0.1,4,8,7,0,0,0,0,0,0,0,0,1,2,0,0.125,0,0.125,-61,0.087,-69,0,0,0,0,0,0,0.25,0.125,0,Phillies
18,Cal Stevenson,28,CF,-0.2,5,8,8,0,2,0,0,0,1,0,0,0,2,0.25,0.25,0.25,0.5,39,0.213,20,2,0,0,0,0,0,0.25,0,0,Phillies
19,Kody Clemens,29,UT,-0.1,7,7,6,0,0,0,0,0,0,0,0,1,0,0,0.143,0,0.143,-56,0.1,-60,0,0,0,0,0,0,0,0.1429,0,Phillies
20,Garrett Stubbs,32,DH,0,5,1,1,2,0,0,0,0,0,0,0,0,0,0,0,0,0,-100,0,-125,0,0,0,0,0,0,0,0,0,Phillies
1,Henry Davis,25,C,0.7,87,283,252,25,42,7,0,7,22,2,1,18,76,0.167,0.234,0.278,0.512,42,0.237,40,70,2,5,3,3,0,0.2686,0.0636,0.0247,Pirates
2,Spencer Horwitz,27,1B,1.6,108,411,364,55,99,26,0,11,51,0,1,44,73,0.272,0.353,0.434,0.787,117,0.346,119,158,7,2,0,1,1,0.1776,0.1071,0.0268,Pirates
3,Nick Gonzales,26,2B,-0.6,96,408,381,39,99,18,3,5,30,0,2,21,73,0.26,0.299,0.362,0.661,83,0.293,82,138,12,2,0,4,0,0.1789,0.0515,0.0123,Pirates
4,Isiah Kiner-Falefa,30,SS,1.6,119,428,401,40,106,20,2,1,35,15,4,17,69,0.264,0.3,0.332,0.632,76,0.293,78,133,9,4,5,1,0,0.1612,0.0397,0.0023,Pirates
5,Ke'Bryan Hayes,28,3B,1.2,100,392,369,34,87,10,2,2,36,10,2,18,81,0.236,0.279,0.29,0.569,59,0.264,57,107,8,4,1,0,1,0.2066,0.0459,0.0051,Pirates
6,Tommy Pham,37,LF,1,120,449,392,44,96,17,1,10,52,5,3,50,94,0.245,0.33,0.37,0.7,94,0.317,98,145,12,2,0,5,3,0.2094,0.1114,0.0223,Pirates
7,Oneil Cruz,26,CF,0.3,135,544,471,62,94,18,3,20,61,38,5,64,174,0.2,0.298,0.378,0.676,86,0.312,85,178,6,4,0,5,4,0.3199,0.1176,0.0368,Pirates
8,Bryan Reynolds,30,RF,1.4,154,654,587,68,144,38,3,16,73,3,2,57,173,0.245,0.318,0.402,0.72,99,0.319,99,236,15,7,0,3,1,0.2645,0.0872,0.0245,Pirates
9,Andrew McCutchen,38,DH,0.1,135,551,477,51,114,22,0,13,57,1,1,67,118,0.239,0.333,0.367,0.7,95,0.311,94,175,12,2,0,3,5,0.2142,0.1216,0.0236,Pirates
10,Jared Triolo,27,IF,2.3,107,376,331,41,75,18,2,7,24,13,2,39,76,0.227,0.311,0.356,0.667,85,0.318,94,118,4,2,3,1,1,0.2021,0.1037,0.0186,Pirates
11,Joey Bart,28,C,0.5,93,332,285,21,71,12,1,4,30,1,1,40,93,0.249,0.355,0.34,0.696,95,0.32,100,97,14,7,0,0,0,0.2801,0.1205,0.012,Pirates
12,Adam Frazier,33,2B,0.3,78,262,235,22,60,10,0,3,21,7,5,17,45,0.255,0.318,0.336,0.654,82,0.292,82,79,8,6,1,3,2,0.1718,0.0649,0.0115,Pirates
13,Alexander Canario,25,OF,0.5,87,234,216,25,47,6,1,6,20,3,1,17,80,0.218,0.274,0.338,0.611,69,0.279,70,73,5,0,0,1,0,0.3419,0.0726,0.0256,Pirates
14,Jack Suwinski,26,OF,-0.3,59,178,150,15,22,7,0,3,10,7,1,24,57,0.147,0.281,0.253,0.534,50,0.258,51,38,1,4,0,0,1,0.3202,0.1348,0.0169,Pirates
15,Enmanuel Valdéz,26,1B,0.1,31,102,91,7,19,4,2,2,12,0,0,11,16,0.209,0.294,0.363,0.657,81,0.292,80,33,2,0,0,0,0,0.1569,0.1078,0.0196,Pirates
16,Liover Peguero,24,IF,0.2,33,88,80,9,16,1,0,4,8,4,0,6,25,0.2,0.273,0.363,0.635,75,0.302,79,29,3,2,0,0,0,0.2841,0.0682,0.0455,Pirates
17,Nick Yorke,23,UT,0.3,22,72,69,7,16,3,0,1,8,1,0,3,15,0.232,0.264,0.319,0.583,61,0.273,64,22,1,0,0,0,0,0.2083,0.0417,0.0139,Pirates
18,Endy Rodríguez,25,UT,-0.5,18,57,52,5,9,4,0,0,2,0,1,5,14,0.173,0.246,0.25,0.496,38,0.219,35,13,0,0,0,0,0,0.2456,0.0877,0,Pirates
19,Matt Gorski,27,UT,-0.3,15,42,41,2,8,0,1,2,4,0,1,1,16,0.195,0.214,0.39,0.605,63,0.241,52,16,1,0,0,0,0,0.381,0.0238,0.0476,Pirates
20,Cam Devanney,28,3B,-0.5,14,38,36,1,5,1,0,0,1,0,1,2,21,0.139,0.184,0.167,0.351,-1,0.151,-10,6,1,0,0,0,0,0.5526,0.0526,0,Pirates
21,Ronny Simón,25,OF,-0.5,8,32,30,4,7,1,0,0,2,1,0,1,8,0.233,0.25,0.267,0.517,44,0.231,32,8,0,0,0,1,0,0.25,0.0312,0,Pirates
22,Jihwan Bae,25,OF,-0.4,13,25,20,4,1,0,0,0,0,4,1,5,9,0.05,0.24,0.05,0.29,-13,0.19,-4,1,0,0,0,0,0,0.36,0.2,0,Pirates
23,Rafael Flores,24,UT,-0.1,7,17,15,0,3,2,0,0,0,0,0,2,7,0.2,0.294,0.333,0.627,74,0.282,73,5,0,0,0,0,0,0.4118,0.1176,0,Pirates
24,Nick Solak,30,UT,-0.5,4,11,11,0,1,0,0,0,0,0,0,0,2,0.091,0.091,0.091,0.182,-49,0.073,-75,1,0,0,0,0,0,0.1818,0,0,Pirates
25,Brett Sullivan,31,C,0,3,9,6,1,1,0,0,0,2,0,0,1,3,0.167,0.333,0.167,0.5,45,0.258,56,1,0,1,0,1,0,0.3333,0.1111,0,Pirates
26,Tsung-Che Cheng,23,MI,0,3,7,7,0,0,0,0,0,0,0,1,0,3,0,0,0,0,-100,0.057,-35,0,0,0,0,0,0,0.4286,0,0,Pirates
27,Billy Cook,26,UT,0,3,6,6,1,2,0,0,0,0,0,0,0,1,0.333,0.333,0.333,0.667,86,0.3,86,2,0,0,0,0,0,0.1667,0,0,Pirates
1,Elias Díaz,34,C,-0.2,106,283,255,34,52,7,0,9,29,0,0,21,74,0.204,0.27,0.337,0.607,68,0.271,63,86,11,2,5,0,0,0.2615,0.0742,0.0318,Padres
2,Luis Arraez,28,1B,1.2,154,675,620,66,181,30,4,8,61,11,4,34,21,0.292,0.327,0.392,0.719,99,0.318,97,243,12,2,12,7,0,0.0311,0.0504,0.0119,Padres
3,Jake Cronenworth,31,2B,2.4,135,515,419,61,103,20,1,11,59,3,3,69,107,0.246,0.367,0.377,0.744,108,0.339,114,158,4,15,4,7,1,0.2078,0.134,0.0214,Padres
4,Xander Bogaerts,32,SS,2,136,552,491,63,129,30,0,11,53,20,2,48,94,0.263,0.328,0.391,0.72,99,0.32,94,192,12,4,1,8,3,0.1703,0.087,0.0199,Padres
5,Manny Machado,32,3B,4.1,159,678,615,91,169,33,0,27,95,14,3,55,131,0.275,0.335,0.46,0.795,118,0.346,115,283,16,3,0,5,4,0.1932,0.0811,0.0398,Padres
6,Gavin Sheets,29,LF,0.7,145,545,492,57,124,28,1,19,71,2,1,44,107,0.252,0.317,0.429,0.746,105,0.326,103,211,9,5,0,4,1,0.1963,0.0807,0.0349,Padres
7,Jackson Merrill,22,CF,2.7,115,483,440,59,116,25,6,16,67,1,2,33,108,0.264,0.317,0.457,0.774,112,0.331,108,201,4,4,1,5,1,0.2236,0.0683,0.0331,Padres
8,Fernando Tatis Jr.,26,RF,5.9,155,691,594,111,159,27,2,25,71,32,7,89,129,0.268,0.368,0.446,0.814,125,0.368,129,265,6,6,0,2,7,0.1867,0.1288,0.0362,Padres
9,Ryan O'Hearn,31,DH,0.4,50,183,163,22,45,6,0,4,20,0,0,16,46,0.276,0.35,0.387,0.736,105,0.332,107,63,1,3,0,1,1,0.2514,0.0874,0.0219,Padres
10,Jose Iglesias,35,IF,-0.7,112,343,306,29,70,11,0,3,36,5,1,24,56,0.229,0.298,0.294,0.592,66,0.288,74,90,7,7,4,2,0,0.1633,0.07,0.0087,Padres
11,Ramón Laureano,30,LF,0.8,50,198,182,27,49,9,2,9,30,3,1,13,47,0.269,0.323,0.489,0.812,122,0.348,118,89,4,2,0,1,0,0.2374,0.0657,0.0455,Padres
12,Martín Maldonado,38,C,-0.2,64,161,147,11,30,6,0,4,12,0,0,8,57,0.204,0.245,0.327,0.572,57,0.258,53,48,3,0,6,0,0,0.354,0.0497,0.0248,Padres
13,Freddy Fermin,30,C,0.9,42,139,127,15,31,6,0,2,14,0,0,6,28,0.244,0.278,0.339,0.617,70,0.285,73,43,3,0,6,0,0,0.2014,0.0432,0.0144,Padres
14,Tyler Wade,30,OF,-0.6,59,127,107,13,22,1,2,0,9,1,2,15,31,0.206,0.309,0.252,0.561,59,0.262,61,27,0,1,4,0,0,0.2441,0.1181,0,Padres
15,Jason Heyward,35,LF,-0.6,34,95,85,9,15,2,0,2,12,0,1,6,20,0.176,0.223,0.271,0.494,37,0.22,31,23,1,0,0,3,0,0.2105,0.0632,0.0211,Padres
16,Brandon Lockridge,28,OF,-0.2,47,95,88,9,19,4,0,0,5,8,1,4,24,0.216,0.258,0.261,0.519,45,0.247,35,23,2,1,2,0,0,0.2526,0.0421,0,Padres
17,Bryce Johnson,29,OF,0.6,55,84,76,9,26,4,0,1,8,4,1,3,19,0.342,0.383,0.434,0.817,127,0.375,135,33,1,2,3,0,0,0.2262,0.0357,0.0119,Padres
18,Oscar González,27,OF,-0.5,21,61,59,2,13,1,0,0,4,0,1,2,13,0.22,0.246,0.237,0.483,35,0.209,26,14,1,0,0,0,0,0.2131,0.0328,0,Padres
19,Trenton Brooks,29,DH,-0.5,25,43,41,5,6,2,0,1,2,0,0,2,13,0.146,0.186,0.268,0.454,24,0.198,13,11,2,0,0,0,0,0.3023,0.0465,0.0233,Padres
20,Yuli Gurriel,41,DH,-0.5,16,40,36,2,4,1,0,0,3,0,0,4,8,0.111,0.2,0.139,0.339,-3,0.169,-9,5,0,0,0,0,0,0.2,0.1,0,Padres
21,Luis Campusano,26,DH,-0.4,10,27,21,0,0,0,0,0,0,0,0,6,11,0,0.222,0,0.222,-31,0.155,-18,0,2,0,0,0,0,0.4074,0.2222,0,Padres
22,Mason McCoy,30,MI,-0.1,18,26,22,5,3,1,0,0,1,2,0,3,7,0.136,0.269,0.182,0.451,29,0.272,52,4,0,1,0,0,0,0.2692,0.1154,0,Padres
23,Will Wagner,26,IF,-0.1,15,17,15,2,2,0,0,0,0,0,0,2,2,0.133,0.235,0.133,0.369,6,0.188,6,2,1,0,0,0,0,0.1176,0.1176,0,Padres
24,Tirso Ornelas,25,OF,-0.3,7,16,14,0,1,0,0,0,1,0,0,2,2,0.071,0.188,0.071,0.259,-24,0.143,-26,1,1,0,0,0,0,0.125,0.125,0,Padres
25,Connor Joe,32,UT,-0.2,7,10,9,0,0,0,0,0,0,0,0,1,6,0,0.1,0,0.1,-69,0.07,-78,0,0,0,0,0,0,0.6,0.1,0,Padres
1,Patrick Bailey,26,C,1.1,135,452,409,47,91,18,3,6,55,1,0,30,133,0.222,0.277,0.325,0.602,73,0.269,70,133,7,3,4,6,0,0.2942,0.0664,0.0133,Giants
2,Dominic Smith,30,1B,0.4,63,225,204,26,58,12,0,5,33,2,0,15,42,0.284,0.333,0.417,0.75,114,0.329,112,85,5,2,0,4,0,0.1867,0.0667,0.0222,Giants
3,Tyler Fitzgerald,27,2B,0.9,72,243,217,19,47,10,1,4,14,9,4,17,70,0.217,0.278,0.327,0.606,74,0.276,75,71,3,2,6,1,0,0.2881,0.07,0.0165,Giants
4,Willy Adames,29,SS,3.7,160,686,591,94,133,22,2,30,87,12,4,80,179,0.225,0.318,0.421,0.74,111,0.326,110,249,9,5,0,9,2,0.2609,0.1166,0.0437,Giants
5,Matt Chapman,32,3B,4.1,128,535,454,76,105,23,2,21,61,9,4,71,126,0.231,0.34,0.43,0.77,120,0.341,122,195,8,6,0,4,1,0.2355,0.1327,0.0393,Giants
6,Heliot Ramos,25,LF,1.2,157,695,620,85,159,24,1,21,69,6,4,52,158,0.256,0.328,0.4,0.728,108,0.319,107,248,16,17,0,6,2,0.2273,0.0748,0.0302,Giants
7,Jung Hoo Lee,26,CF,1.7,150,617,560,73,149,31,12,8,55,10,3,47,71,0.266,0.327,0.407,0.735,110,0.329,112,228,2,6,0,4,0,0.1151,0.0762,0.013,Giants
8,Mike Yastrzemski,34,RF,1.8,96,372,321,38,74,14,1,8,28,6,2,47,86,0.231,0.33,0.355,0.685,97,0.314,102,114,4,1,2,1,4,0.2312,0.1263,0.0215,Giants
9,Wilmer Flores,33,DH,0.3,125,463,419,44,101,10,0,16,71,1,0,34,88,0.241,0.307,0.379,0.686,96,0.312,101,159,14,7,0,3,0,0.1901,0.0734,0.0346,Giants
10,Rafael Devers,28,DH,1.9,90,395,335,52,79,15,0,20,51,0,0,56,116,0.236,0.347,0.46,0.807,130,0.349,127,154,9,2,0,2,3,0.2937,0.1418,0.0506,Giants
11,Casey Schmitt,26,IF,0.6,95,348,312,34,74,15,0,12,40,0,0,27,83,0.237,0.305,0.401,0.706,101,0.311,101,125,6,5,1,3,1,0.2385,0.0776,0.0345,Giants
12,Christian Koss,27,2B,1.8,74,191,174,25,46,9,0,3,23,4,1,9,45,0.264,0.309,0.368,0.676,94,0.317,103,64,4,3,3,2,0,0.2356,0.0471,0.0157,Giants
13,Luis Matos,23,RF,-0.2,57,184,172,26,38,9,1,8,22,4,0,11,27,0.221,0.266,0.424,0.691,95,0.306,93,73,5,0,0,1,0,0.1467,0.0598,0.0435,Giants
14,LaMonte Wade Jr.,31,1B,-1.2,50,169,144,12,24,8,2,1,15,0,0,21,35,0.167,0.275,0.271,0.546,58,0.255,61,39,2,1,2,1,1,0.2071,0.1243,0.0059,Giants
15,Drew Gilbert,24,RF,-0.3,39,109,100,12,19,5,1,3,13,1,1,7,20,0.19,0.248,0.35,0.598,70,0.267,71,35,2,1,0,1,0,0.1835,0.0642,0.0275,Giants
16,Andrew Knizner,30,C,0.3,33,88,77,12,17,1,1,1,5,0,0,7,10,0.221,0.299,0.299,0.598,73,0.312,101,23,0,2,1,1,0,0.1136,0.0795,0.0114,Giants
17,Sam Huff,27,C,-0.2,20,58,53,5,11,1,0,2,4,0,0,4,25,0.208,0.259,0.34,0.598,70,0.264,67,18,2,0,0,1,0,0.431,0.069,0.0345,Giants
18,Jerar Encarnacion,27,UT,0,19,56,55,5,11,3,0,2,7,1,0,1,15,0.2,0.214,0.364,0.578,62,0.251,55,20,3,0,0,0,0,0.2679,0.0179,0.0357,Giants
19,Brett Wisely,26,IF,0.3,22,54,48,5,10,4,0,1,10,1,1,4,10,0.208,0.269,0.354,0.623,78,0.27,75,17,0,0,2,0,0,0.1852,0.0741,0.0185,Giants
20,Bryce Eldridge,20,DH,-0.2,10,37,28,1,3,2,0,0,4,0,0,7,13,0.107,0.297,0.179,0.476,42,0.243,53,5,0,1,0,1,0,0.3514,0.1892,0,Giants
21,Daniel Johnson,29,OF,0.2,14,31,29,5,5,2,0,1,1,1,0,2,8,0.172,0.226,0.345,0.571,61,0.257,57,10,0,0,0,0,0,0.2581,0.0645,0.0323,Giants
22,Grant McCray,24,OF,-0.4,22,26,22,3,2,0,1,0,2,0,0,2,11,0.091,0.16,0.182,0.342,-2,0.155,-14,4,1,0,1,1,0,0.4231,0.0769,0,Giants
23,David Villar,28,1B,0,9,25,20,4,4,1,0,0,1,0,0,4,5,0.2,0.36,0.25,0.61,80,0.295,89,5,1,1,0,0,0,0.2,0.16,0,Giants
24,Logan Porter,29,C,0,4,9,7,2,1,0,0,0,1,0,0,1,2,0.143,0.333,0.143,0.476,44,0.258,64,1,0,1,0,0,0,0.2222,0.1111,0,Giants
25,Sergio Alcántara,28,IF,-0.1,1,4,4,0,0,0,0,0,0,0,0,0,2,0,0,0,0,-100,0,-117,0,0,0,0,0,0,0.5,0,0,Giants
1,Pedro Pagés,26,C,1.4,112,389,361,38,83,15,0,11,45,0,0,19,107,0.23,0.272,0.363,0.635,80,0.278,74,131,9,3,3,3,1,0.2751,0.0488,0.0283,Cardinals
2,Willson Contreras,33,1B,2.5,135,563,490,70,126,31,1,20,80,5,1,44,142,0.257,0.344,0.447,0.791,124,0.349,123,219,15,23,1,4,1,0.2522,0.0782,0.0355,Cardinals
3,Brendan Donovan,28,2B,2.7,118,515,460,64,132,32,0,10,50,3,3,42,67,0.287,0.353,0.422,0.775,121,0.338,118,194,4,7,2,4,3,0.1301,0.0816,0.0194,Cardinals
4,Masyn Winn,23,SS,2.2,129,537,491,72,124,27,0,9,51,9,5,34,102,0.253,0.31,0.363,0.673,92,0.298,89,178,11,8,2,2,0,0.1899,0.0633,0.0168,Cardinals
5,Nolan Arenado,34,3B,1.3,107,436,401,48,95,18,1,12,52,3,0,28,49,0.237,0.289,0.377,0.666,89,0.297,86,151,10,3,0,4,4,0.1124,0.0642,0.0275,Cardinals
6,Lars Nootbaar,27,LF,1.3,135,583,509,68,119,24,1,13,48,4,5,64,119,0.234,0.325,0.361,0.686,97,0.303,94,184,4,6,1,3,3,0.2041,0.1098,0.0223,Cardinals
7,Victor Scott II,24,CF,2.2,138,463,398,54,86,15,1,5,37,34,4,42,111,0.216,0.305,0.296,0.601,73,0.288,71,118,3,10,10,3,0,0.2397,0.0907,0.0108,Cardinals
8,Jordan Walker,23,RF,-1.7,111,396,363,40,78,13,1,6,41,10,3,29,126,0.215,0.278,0.306,0.584,67,0.273,69,111,9,3,0,1,1,0.3182,0.0732,0.0152,Cardinals
9,Iván Herrera,25,DH,2.2,107,452,388,54,110,13,0,19,66,8,2,43,84,0.284,0.373,0.464,0.837,138,0.372,140,180,20,15,0,4,1,0.1858,0.0951,0.042,Cardinals
10,Alec Burleson,26,UT,1.8,139,546,497,54,144,26,2,18,69,5,1,39,79,0.29,0.343,0.459,0.801,127,0.352,126,228,14,3,1,4,1,0.1447,0.0714,0.033,Cardinals
11,Nolan Gorman,25,IF,0.1,111,402,351,48,72,14,1,14,46,1,1,47,136,0.205,0.296,0.37,0.666,90,0.294,86,130,1,0,0,4,2,0.3383,0.1169,0.0348,Cardinals
12,Thomas Saggese,23,MI,0.4,82,295,275,25,71,17,0,2,25,3,0,16,83,0.258,0.299,0.342,0.641,83,0.288,80,94,5,1,1,2,0,0.2814,0.0542,0.0068,Cardinals
13,Yohel Pozo,28,C,0.2,67,168,160,16,37,8,0,5,19,0,0,7,22,0.231,0.262,0.375,0.637,80,0.281,76,60,4,0,0,1,0,0.131,0.0417,0.0298,Cardinals
14,José Fermín,26,UT,0.8,30,70,60,5,17,5,0,1,9,2,2,8,10,0.283,0.377,0.417,0.793,127,0.358,137,25,0,1,1,0,0,0.1429,0.1143,0.0143,Cardinals
15,Nathan Church,24,CF,0.4,27,65,56,9,10,1,0,1,8,1,0,3,18,0.179,0.254,0.25,0.504,45,0.249,50,14,0,3,2,1,0,0.2769,0.0462,0.0154,Cardinals
16,Jimmy Crooks,23,C,-0.3,15,46,45,3,6,0,1,1,1,0,0,0,17,0.133,0.152,0.244,0.397,11,0.19,12,11,1,1,0,0,0,0.3696,0,0.0217,Cardinals
17,Luken Baker,28,DH,-0.1,19,41,34,3,8,3,0,0,2,0,0,7,10,0.235,0.366,0.324,0.689,100,0.318,102,11,3,0,0,0,0,0.2439,0.1707,0,Cardinals
18,José Barrero,27,UT,-0.1,22,31,29,4,4,1,0,1,3,0,0,1,9,0.138,0.194,0.276,0.469,32,0.21,26,8,0,1,0,0,0,0.2903,0.0323,0.0323,Cardinals
19,Garrett Hampson,30,UT,-0.3,35,31,29,9,3,1,0,0,1,1,0,1,13,0.103,0.133,0.138,0.271,-22,0.133,-38,4,1,0,1,0,0,0.4194,0.0323,0,Cardinals
20,Michael Siani,25,CF,-0.1,19,19,17,4,4,0,0,0,0,0,0,2,7,0.235,0.316,0.235,0.551,62,0.263,63,4,0,0,0,0,0,0.3684,0.1053,0,Cardinals
21,Ryan Vilade,26,OF,-0.1,7,15,13,1,1,0,0,0,0,0,0,2,5,0.077,0.2,0.077,0.277,-16,0.153,-15,1,1,0,0,0,0,0.3333,0.1333,0,Cardinals
22,César Prieto,26,2B,-0.2,3,6,6,0,1,0,0,0,0,0,0,0,5,0.167,0.167,0.167,0.333,-4,0.134,-27,1,0,0,0,0,0,0.8333,0,0,Cardinals
